0.013800000000000
0.026006197633893
0.060587207684335
0.107646264288397
0.162432987225253
0.184053952492950
0.192289982760473
0.463533857981051
0.482898240000548
0.491300529223496
0.588412038308080
0.594995335210789
0.623962533925928
0.686210791476396
0.695573557571287
0.712074155132441
0.778735243907867
0.867649115710796
0.980296134940666
1.132303553890556
1.139776725851325
1.252438657146073
1.261558677349401
1.266782663848486
1.276224789980393
1.294129343429531
1.300879137869210
1.343411977952764
1.412342858339554
1.427107721282188
1.451727818102970
1.466608371206240
1.482043766416471
1.491852862193112
1.501480704781848
1.509327696101737
1.517789940874623
1.588160515187778
1.663328349622134
1.679612756365899
1.685851610370280
1.869978909831012
1.954070858254470
1.990834242812929
2.173173347468563
2.178529604068244
2.216692077198557
2.230900883261299
2.292424854252251
2.301474266754103
2.308192267606347
2.313260262738774
2.376586911022762
2.414463644840524
2.491981412458321
2.497070542992204
2.502358275047909
2.555461812023268
2.564131904791271
2.569151066861683
2.578656316280139
2.584350418222749
2.621536304205237
2.639625446388528
2.650174252290021
2.810692732078934
2.895348737123741
2.901370113584528
2.949727205684475
2.955329377548038
2.965215703311332
2.977342968889125
3.111436568689247
3.218659158262378
3.226780684008635
3.290592655368860
3.300231095072885
3.305583111923004
3.311806235056262
3.318636837898095
3.336670665348751
3.341977059221586
3.611789894205319
3.616802394184572
3.639622390235143
3.725298064497968
3.732590121296518
3.812530427753895
3.829602723322703
3.854276477493264
3.859348573981407
3.884566547251546
4.254975714498430
4.277733485533420
4.283814416128588
4.289475363967177
4.309222208232462
4.331808901171110
4.348535386813912
4.490705078845853
4.503084515606860
4.535302818878420
4.540378527276337
4.649729370293292
4.655847959354125
4.675536607941896
5.078444771734126
5.085835364772835
5.108818313978102
5.222686882105912
5.252501495835191
5.263396801935010
5.273588774141491
5.682319290122208
5.742133336861889
5.764741561021346
5.788091036571502
5.857747841695614
5.864544872366333
5.897561865635629
5.993404720703424
6.023186139292434
6.042020213018739
6.048557103341558
6.054977619355656
6.113921242761157
6.127043658603394
6.146874476913883
6.155708955853695
6.227276270922179
6.240728138077787
6.376284355379743
6.386121934730905
6.391134434710159
6.422333462793718
6.434914143229376
6.821182425459132
6.831012358019562
6.839923923151747
6.856401124164323
7.062262893631767
7.300441989256498
7.310377673398460
7.318350770891973
7.335518532251059
7.379630182369098
7.413682212769681
7.425279925855444
7.431641559838067
7.446792364282881
7.452153551966342
7.464630011790038
7.533510500984316
7.614959883396938
7.619990389404731
7.661378473872493
7.668513020540584
7.726770885230868
7.734082395148373
7.816040501895517
7.899709150665098
8.136392576182029
8.171492763181115
8.180095774395715
8.187681845704519
8.209843534155269
8.219705636657464
8.251356732808169
8.297336821557527
8.303785193675068
8.344177542984978
8.391420341110528
8.577398729331881
8.859454967755124
8.864537451452293
8.914908212695742
8.921099304843704
8.926960769154125
8.955934629288540
8.961472409324381
8.966508234722113
8.985089406739732
8.992721772377692
9.098241151453722
9.111963435794921
9.119399251893480
9.126703457092942
9.146856641404188
9.151908494531167
9.387521852868918
9.412876406130863
9.418532113873864
9.500099057072765
9.555996104957629
9.649585250849382
9.668802997439325
9.786197421270295
9.898052681055953
9.933408008907380
9.987436077825686
