0.009663452218171
0.042524368038044
0.079031553672562
0.166260477600933
0.233557429568003
0.271318414940906
0.281534144867769
0.411573181159328
0.418958087260169
0.578049417065216
0.585079956225421
0.620477763591044
0.683441858165325
0.739518030557847
0.814488559600439
0.820510051862954
0.838039484558547
0.862459272096284
1.357660175196694
1.431287536750250
1.442668441381801
1.473972879109284
1.498042682829415
1.505426429333195
1.518384011239279
1.550367828850652
2.040193799577500
2.265157973678556
2.296073197181413
2.889290143355829
3.380796092248615
3.480916420448087
3.559175097829482
3.792551230802192
3.893490570691680
4.044130492160293
4.053755234509416
4.099762970706079
4.112073050240610
4.132023500721924
4.160550517315825
4.499988612454783
4.518889835576990
4.591725173697504
4.612222445236625
4.959671972477564
4.986403106122470
5.075482738499741
5.222591726197004
5.484517123020515
5.632258648875405
5.782114544554249
5.789308087043552
5.941856288352054
5.970289888065107
5.983411051032630
6.073900617433361
6.121832690791730
6.131544089382779
6.446569472332066
6.453489610333907
6.496656231026590
6.503129784072089
6.688432900970831
6.974270203149342
6.979481333478701
7.055618869741158
7.316255486363990
7.476777134688109
7.486971517790950
7.665185899471950
7.676112871596354
7.858630239714588
7.889633591129182
8.070018863742739
8.262452767001237
8.359768609907206
8.371218982875233
8.384797521326936
8.492633095701290
8.552020178587361
8.557947020354147
8.575638054143472
8.593584637247053
8.674227951259729
8.924324418211054
9.175505329840789
9.232505492863096
9.293176654368793
9.325610213759814
9.393498205183588
9.534491625959262
9.650199363195508
9.696349259643258
9.703246146259080
9.780609340327812
9.947884735121688
9.953006359341112
9.959945352303496
9.978480288653730
