0.036239966372524
0.086279932745049
0.109261969058653
0.134305601130660
0.221859477977967
0.231428212035206
0.236440711951955
0.305647276483382
0.310673178642233
0.315711402153386
0.693958474223353
0.710629940131683
0.872158881097255
0.931314597284507
0.937411417007373
0.942504499208653
1.111129994224135
1.180850080493606
1.187383642721391
1.383203377571447
1.412321351852229
1.428798356431177
1.435228057922910
1.440866949562306
1.480362542834630
1.496851667160307
1.515212518737086
1.535401329512271
1.540413829429019
1.580825739624300
1.633036679738261
1.639819021083924
1.883976376340043
1.889210173082499
1.897084529433799
1.911620658045651
2.184791287925222
2.212783696992331
2.220889223604307
2.226198032693009
2.377255299964422
2.570197654565953
2.624321105224818
2.629333605141567
2.637436205427478
2.670988236885794
2.699843073859148
2.877194799326152
2.883029251224443
2.928525742483283
2.933579536490909
2.938611731493144
2.943644979818975
2.959868186606066
2.965759869379386
2.983826104216832
2.990289616530162
3.067156616426021
3.087951865621200
3.293592155484211
3.299119970075953
3.626387666940712
3.631793780602274
3.869309360182213
3.986738781515679
3.992689549501579
4.009072480516933
4.033063743289047
4.067012406410702
4.092036741324289
4.100766841350231
4.166715804220395
4.223100159346473
4.442404591312227
4.573580290747023
4.578627279425370
4.584063754219367
4.590212089711170
4.613656609797885
4.620043068274223
4.625055568190970
4.635021704011964
4.641214499075239
4.649176654726333
4.671851244319469
4.691690985712826
4.743389409732250
4.748449775903572
4.839648039259050
4.848398878621545
4.872222138103804
4.877580110273627
4.888887363967370
4.937012232994904
5.015495194079124
5.020709824178811
5.025977848492947
5.044134477659735
5.093682152654131
5.119962955111345
5.125227190274399
5.132444254229370
5.209562602836254
5.226119563643635
5.439734921200015
5.447919227296812
5.586629796252874
5.611063598422917
5.628962242499611
5.702183223021581
5.707240352938466
5.726771080041946
5.731845367743944
6.028566321032952
6.034343612724195
6.076374734353037
6.082680531637838
6.141125245925272
6.150811457507872
6.158035915373499
6.185622560822237
6.211550317735531
6.218624969325413
6.227286820519852
6.234719160699865
6.240439653148276
6.271579972552456
6.276610432870339
6.324944541885001
6.330366563856442
6.337367718425509
6.343674045684979
6.348686545601726
6.409048683159474
6.418493860400160
6.438058365312786
6.443455833886558
6.451685716541419
6.715600486208556
6.720658698833861
6.892228966980682
6.897618649805905
6.905396807273348
6.923805416573415
7.137134718939706
7.172384806137051
7.179906870639165
7.190879013696757
7.213534439943944
7.729090449493490
7.840584908384087
7.849862265286185
7.870244310220828
7.964849966412211
7.971420769981764
7.992095586326522
8.022864393423099
8.030823158417263
8.043492829245642
8.248503530229012
8.277789824050616
8.374269539131154
8.391145256246798
8.411002334726025
8.419850819852160
8.441898837632246
8.449437388036920
8.480017976010306
8.524630381039547
8.541033756782189
8.571884338455510
8.777280706775766
8.838345711088888
8.848052909825075
8.854605319647488
8.862559642723404
8.925559105685030
8.978191986698755
9.023695030559731
9.031166905028282
9.036486024134577
9.044567843645014
9.063058201508214
9.084923987928144
9.098852679924322
9.142558430542490
9.189307579173873
9.222403633932382
9.315040721373434
9.323595662916205
9.338328244700781
9.411810297253369
9.418661605083850
9.433455728071326
9.642313735905464
9.652727167156138
9.658425814523149
9.663749476403186
9.698624353764721
9.708445572318844
