0.013800000000000
0.209409210944575
0.327509562042128
0.367134514304192
0.425145301749035
0.479854424600837
0.518304113656398
0.587066578696388
0.810202435728159
0.927374845279176
1.084607704614286
1.282232901535038
1.387516929209903
1.457317184852629
1.568847248405020
1.620535973759011
1.710964216269540
1.721797120341259
1.748894208053465
1.824148666913293
1.951850166815143
2.089017517602753
2.306322508508095
2.421348738007540
2.574651530918601
2.615188136171451
2.748405360711081
2.788455963996208
2.812782984321763
2.949743180104416
2.990112901936246
3.104401695697781
3.136796511247726
3.242686045112818
3.394080485083274
3.612117285379772
3.737838332397826
3.819467993858015
3.875227060570195
4.036970644390429
4.065375740981122
4.249345876507662
4.491351296813216
4.574942175210360
4.664120936199183
4.705097237867656
4.820749905877679
4.953200628696377
4.984996976614076
5.083877363872582
5.135862028880569
5.218469548770880
5.317614294191117
5.386759398436213
5.449214422171471
5.546431455913035
5.776261440463808
5.937372001459805
6.047217685485356
6.170530208358151
6.304922586424083
6.339802892459783
6.612900081909463
6.634405056774888
6.794542521626784
6.887778811815569
6.947249269479602
6.993398208090791
7.094243184800607
7.160873143484917
7.276105623405352
7.371084211124966
7.486597298116995
7.629771236223498
7.751735327043534
7.829600569127471
7.846455032791130
7.920390344434679
7.953951437068058
8.025312524442482
8.147975624957704
8.336650648671593
8.410719135052341
8.493924667450219
8.580115589344111
8.699938599547766
8.740094249208786
8.786876141777681
8.867206658246284
8.980156883801580
9.181920547392178
9.265704494065854
9.280762539540600
9.424747870702392
9.463083329577515
9.581931112279143
9.682522203534404
9.781636553386189
9.899158638813056
9.984585973895499
