0.053442803503210
0.219432521883007
0.262772384982091
0.413005861117488
0.491946876862112
0.587744810381338
0.658539086184950
0.769152379362482
0.964607061825635
1.030393051654816
1.292813292776967
1.344317963677384
1.436452895711087
1.474637527585278
1.579629338974078
1.775034141811542
1.856255722539882
1.894132841466541
1.983265767406015
2.083294699466220
2.167697037829598
2.191184200933336
2.355023157558331
2.565934229983816
2.638548609424664
2.729810317105212
2.836314205601372
2.865106948928112
2.976057208969799
2.994090314611721
3.108724066540510
3.184412089425833
3.259956191020790
3.295430107295617
3.430564362255359
3.509778558416328
3.621476593334437
3.790353424111091
4.034323259064241
4.231531082628202
4.264176491625673
4.423314947482597
4.593988744285844
4.635052573045544
4.718144464934214
4.775961395063951
4.888408385433869
5.136690806229653
5.181692231161598
5.339888715702969
5.460829193950482
5.487195947868106
5.650009168123630
5.697168228609650
5.779760080057967
5.982735730884965
6.138938609566298
6.258360426340901
6.338749029573194
6.568205150849860
6.714783892633364
6.738716758058590
6.855760296338778
6.897301626734893
6.936904572541354
7.020720277155722
7.038971956114439
7.133838973572868
7.220043304622961
7.434704265241194
7.620186457153209
7.669363402779322
7.744479744995196
7.879535945076661
7.910531559702023
7.934293919598582
8.023709288150645
8.089447924073747
8.133367782373265
8.283166126204371
8.364954994949549
8.464202722976131
8.557115065839641
8.640431940105596
8.747047685959513
8.836722393670513
8.870083827513632
8.909672774323409
9.152553045157616
9.274310168106004
9.339774002855158
9.393451353338008
9.454485151062494
9.518225556410263
9.617836711969833
9.715109378611592
9.767077339289925
9.869283577410917
9.903468463987494
9.933608190812524
