0.010099978825489
0.019341719723080
0.026676087500359
0.032211210412517
0.041287035540102
0.046337024952846
0.055282597519003
0.060332586931747
0.065382576344492
0.569036423317990
0.579311253049561
0.590042758723150
0.615471093194886
0.620521082607631
0.638645030430353
0.647132444739950
0.656691231801729
0.662579300396545
0.671333094324140
0.677451325723552
0.682501315136297
0.687551304549042
0.692634373828475
0.706011003003927
0.711060992416672
0.720770687194838
0.729397838313507
0.734447827726252
0.739497817138996
0.748022407890549
0.754680891359075
1.069168618829949
1.074924205618271
1.079974195031016
1.090170534290168
1.168293758682968
1.173343748095713
1.178393737508457
1.186558812665830
1.192054836943030
1.215652634320817
1.231403190689512
1.284891196217567
1.358695636892480
1.363745626305225
1.368795615717969
1.373845605130713
1.378895594543458
1.439646701351916
1.832684378319227
2.048892967370541
2.058033364723485
2.220368261737639
2.236986613579398
2.341590482757394
2.386261108420947
2.391311097833691
2.410572736281896
2.415622725694641
2.525136409929758
3.512646997761236
3.580418426195030
3.585468415607775
3.590548248029585
3.844512707532327
3.849562696945072
3.856819574932059
3.863684596632381
3.871015167054507
3.876065156467251
3.882303104045472
3.897453072283705
3.902503061696449
3.975160547179621
3.992415864850095
4.011471032160126
4.183596030670873
4.234932910935765
4.239982900348509
4.245032889761254
4.250082879173998
4.257460542682451
4.262510532095195
4.272011683327203
4.277061672739947
4.282111662152692
8.266385341128561
8.271435330541307
8.276485319954054
9.634551398353127
9.646882611695661
9.653379407054825
9.658838391148265
9.672804620296246
9.690016230256335
9.695475214349775
9.940658966644543
9.945708956057288
9.952075069999580
9.960525166355705
