0.107439974817968
0.231095102222994
0.259865159403613
0.394076349592439
0.496367455313849
0.591983947227898
0.648201127017520
0.675126342191088
0.683547207131833
0.704942956511059
0.786861392311769
0.834428498929688
0.956789756835718
0.978861598871874
1.111117608025212
1.141651302278618
1.146969127293445
1.162149035597642
1.214522885697648
1.222319234347727
1.308286859964737
1.380284014951737
1.568001644527453
1.610836123106347
1.619042914198177
1.734560167199762
1.741800833809546
1.827932091595771
1.945443138364369
1.994897655699962
2.044969098866078
2.056678900909051
2.112405689982275
2.159939223540495
2.169102469915017
2.233677611272975
2.262375579680731
2.306466932848428
2.394854111621545
2.411956678007575
2.448281448781318
2.502703279127793
2.587988624546397
2.618578955385654
2.672550890671236
2.698781392202675
2.812727679188393
2.817835730566566
2.833216112241874
2.840813496413637
2.943084829937352
2.994699566473174
3.033879221457402
3.101533068447150
3.114302125666023
3.179853714385730
3.243453477305387
3.335507014848010
3.368047338673815
3.385728599773117
3.449113048257720
3.485019452173573
3.491227676314963
3.567601539320594
3.586889620647550
3.611728597008163
3.626394616007622
3.735957472431632
3.822987054799765
3.829891350666555
3.864452389693857
3.892241132827285
3.909962180572814
3.959392905230559
4.132019936509520
4.164958025008170
4.175010388121012
4.314006567309526
4.464530425980585
4.538442046690103
4.545091568870158
4.558677123125046
4.569302316700774
4.583104685654147
4.643754708927381
4.659576498830097
4.679463382537945
4.786520340890255
4.888822852275839
4.919468926448567
4.935827881336809
4.969821417482795
4.975081600904362
4.991072131741777
5.022287430035073
5.054530376854950
5.105381086376299
5.113007804510995
5.137401157043933
5.237373804860241
5.283477242704881
5.350112583876591
5.355873037791261
5.387901714054595
5.507636582466263
5.586696669521464
5.657302549940432
5.694736314451810
5.715642614257561
5.849792685782586
5.886562114261453
5.917926376855735
6.010749022546682
6.045094204609470
6.093080965295221
6.209547811899496
6.263273319849315
6.274449305145207
6.474989157873003
6.492168231429163
6.505321572667881
6.561125225357732
6.570565747505894
6.616849772025211
6.625046764991697
6.635228999547794
6.648747613673755
6.699724525525056
6.709855436574670
6.740180626427817
6.745193126425836
6.761725177730395
6.791081041052626
6.829722309942651
6.865034349589842
6.886155170286552
6.943711120998191
7.011324299963175
7.017733181633456
7.054354161738563
7.089033342071668
7.176322610074517
7.186635753764916
7.217672841621418
7.242011884246530
7.348198457519803
7.417034470739550
7.439421182214486
7.472435320800484
7.481550434557222
7.500142431112595
7.514359780226363
7.544574618591520
7.581954033191051
7.614472601661900
7.625270726924813
7.632498899223704
7.661145677793280
7.788702166337413
7.849213352841774
7.895910694641769
7.910580567616189
8.086144104504905
8.102114473891925
8.143222600960051
8.241481796467433
8.260580637421329
8.266895604888262
8.275192926941186
8.340284262967604
8.354776627481797
8.570705419829403
8.629231643043457
8.707070423957287
8.744484690072314
8.820024190500622
8.989084590356923
9.022437837193984
9.147712877827418
9.186152410616643
9.317991051418739
9.338756364708079
9.383883553299521
9.454956442565903
9.465081575990238
9.492389264330896
9.510839861258129
9.568736521935746
9.612657424491200
9.618931268506280
9.625878436829922
9.658125647787076
9.690372858744229
9.722620069701383
9.746248064511040
9.759239933657982
9.767517853642474
9.773964408552846
9.875600504722705
9.881204991102843
