0.028418010367588
0.070636020735176
0.177932364589642
0.393435996722475
0.410227020855714
0.454479627440912
0.461930796021870
0.495230858161513
0.507913427113834
0.765695998852363
0.774639235018693
0.863597024048875
1.253701252888373
1.831747262265425
2.057805818869174
2.104702314309571
2.212592863627334
2.222728598526816
2.277856820936733
2.288955538391706
2.370326508969639
2.375721216761807
2.561919011605720
2.711959105043761
2.740644840237513
2.783029742462782
3.191058060609617
3.274564931159592
3.329556223871568
3.357696244953988
3.364787724497430
3.426215213180088
3.471719332819628
3.511532560237923
3.556325911211045
3.568469530002271
3.658052263927206
3.833545617026771
3.856068316283222
3.957171030511311
4.521292558492382
4.548278432762172
4.569906307154790
4.623169551571270
4.648410857231711
4.745504101540919
4.974587986203571
4.989373354392908
5.020686611655271
5.027109449552968
5.035733624180123
5.176459134816701
5.295555270366799
5.315758656551940
5.438621684673653
5.616179630629121
5.729137277283181
5.816732967780903
5.828312022760548
5.915632659251407
6.092833247977673
6.121062917724874
6.184831010013178
6.262244835600251
6.387335685343367
6.611803357489028
6.665804616903760
6.783379960804538
6.890797821327533
6.948884563224047
7.178225832963728
7.417395465104347
7.439273043221333
7.459727168634258
7.554599223209572
7.611418912798659
7.749533511734427
7.769985556287443
7.809197754646244
7.833184603613639
7.840987438674333
8.316983496032730
8.381262637171876
8.387466771517099
8.435448774641054
8.461687264222935
8.480054026239921
8.774067704251573
8.779794005808865
8.785255317559969
9.156985775990712
9.232293308078894
9.260044474136413
9.355550285527311
9.491508195648885
9.637639437552018
9.672759543513077
9.700787918924824
9.922038455840207
9.927767131634923
