0.013800000000000
0.142980741649669
0.265330879985266
0.285028607788234
0.329313360096352
0.389554775239400
0.442798929603170
0.611345815491164
0.697481064026928
0.773848159408989
0.851732786114428
0.859661490115510
0.980280538348887
1.096393356128762
1.234592095636444
1.423318641334898
1.572990041680978
1.706618668263890
1.874330808246202
1.942536384599755
1.954528892099160
2.025410287594398
2.079161360563611
2.169121524448157
2.176601919475035
2.420347134045966
2.425452903577836
2.504283793395565
2.545937909422257
2.580603112904118
2.627650665589701
2.705665623344582
2.793588016673249
2.867572402363619
2.956216703629243
3.073003688727284
3.156231192290192
3.235363466357997
3.316071999607372
3.422426682411283
3.507984922040124
3.593692332634657
3.650231814328470
3.667815375529848
3.684524309878974
3.740297549348270
3.786745205918518
3.881519804938653
3.917846882823093
3.951960191225361
3.988662532638543
4.132227323636955
4.235394454938745
4.319922417357803
4.370457763499968
4.383815627179752
4.475370534988011
4.559879211008480
4.612489782248336
4.632127140396707
4.688151728933576
4.758192429280502
4.815204475802513
4.885871908942640
4.950301224805645
5.030916813363842
5.162297282504576
5.273729316193601
5.358209751587042
5.413313548523074
5.473516503637529
5.506060173652649
5.579738123386413
5.680694043330371
5.749299278119998
5.866979043233450
6.026139852996050
6.143220547210537
8.038811115971075
8.069571343082332
8.130777949046346
8.164048961919507
8.226922371635558
8.317946022029188
8.386244137758508
8.461178511211081
8.474077078651607
8.518871986239230
8.583853914509598
8.744096489537723
8.878910748155386
9.061590902729350
9.271271286404518
9.425768791183836
9.469240145711371
9.546317998277386
9.552184648199088
9.911108153548140
9.959171215152478
9.972414802968977
