0.013800000000000
0.021955200793979
0.037915779351108
0.043197128306944
0.052536861408751
0.058650189891619
0.067452239483612
0.072464739239078
0.079863308494521
0.085787163731718
0.092841808343220
0.100703781799281
0.116787691578374
0.124431213990931
0.129965220907133
0.136964627514720
0.143707868190786
0.277271022575021
0.394480605089150
0.409619044561260
0.419473149978267
0.424485649733732
0.473523779330378
0.616489398815615
0.623010136229916
0.628033321018343
0.635765603475131
0.640968398613483
0.697917746244660
0.702953735146701
0.708203168171695
0.717261962058320
0.725987258557573
0.730999758313039
0.736037168425098
0.876386857419515
0.886327540088261
1.120703009524216
1.128237542172504
1.849550905593552
1.854578479158644
1.864536609593388
1.873844962477116
1.879051481023397
1.884223172787403
1.889237659329848
1.955326865084814
1.961722425510973
1.971232337925970
1.976534130772576
2.219841574408894
2.340663415425046
2.350317723985416
2.356611033989616
2.364439479968218
2.372739431125929
2.378350999819494
2.416492403124003
2.425050516413351
2.431218200914517
2.479439176004140
2.484451675759606
2.556491976960715
2.563760843287070
2.710434945029944
2.720087006987409
2.859898041637553
2.903096475122470
2.908108974877936
3.425475982375347
3.432876379751126
3.609131422096824
3.622595804132836
3.629256786684712
3.634269286440178
3.652953665756796
3.662168419140790
3.739388880163165
3.744401379918630
3.910511365242679
3.975783841334186
3.981066509399596
3.988937592296954
4.355741078185309
4.364139820709568
4.429252555994179
4.438274287096507
4.443996780490748
4.449009280246213
4.495955667670698
4.585641151430731
4.592079326842368
4.609647435573073
4.668694648615499
4.676015025207882
4.738702536313406
4.861915537472604
4.867049386258923
4.887679341968903
4.892947398717893
5.046365430543921
5.053573633111492
5.094442981685055
5.099502984170780
5.104675260798198
5.111157847571571
5.116170347327036
5.122454739330939
5.128105190466996
5.325680345211597
5.543953291657070
5.552118313219137
5.837285944486618
6.033043443710402
6.062329074016315
6.067637100679538
6.075167737334276
6.080351155058603
6.088154318459221
6.333210844538924
6.546883960751297
6.551896460506763
6.705882106111576
6.728666889830381
6.866235666653384
6.871442820722161
6.883963137303051
6.888975637058516
6.894111816553512
7.081646466076981
7.122055789169769
7.241306502455717
7.246326201947141
7.358523009908310
7.373371863123673
7.435578466297495
7.481759020441914
7.789093005133654
7.810307735652400
7.826608744334756
7.833553636590572
7.839311048355827
7.847540340513826
7.852579429517436
7.858498045403600
7.873312539506215
7.878780476814007
7.886089548335886
7.891296142865785
8.011743920828076
8.019619696942833
8.177422484832784
8.186170234565909
8.193427295629446
8.233275312913104
8.333441788898238
8.355140858968552
8.373160187573962
8.378270569438923
8.383915487207167
8.449901283579534
8.454913783335002
8.463243319319899
8.468699472993451
8.475331504519596
8.636845096950188
8.791745444820219
8.811719114118292
8.819253972674989
8.941916115268635
8.946928615024103
9.011340453841230
9.017430077913684
9.022800045372536
9.076948895453761
9.082192592683027
9.089557896234743
9.095218813189287
9.283597603746655
9.329458596415087
9.335208567661772
9.356559417824473
9.363010058717627
9.370078787533918
9.378773171265692
9.385796463782659
9.419282162641837
9.424294662397303
9.457237975549592
9.465439008156615
9.637148357306550
9.703619964232018
9.758949436110466
9.813722146138373
9.818734645893839
9.827547302162300
9.833092906065319
9.888307445852087
9.922100639237451
9.987207770641135
