0.066554249717094
0.344026164659360
0.388101958795780
0.436894451427156
0.443065303135740
0.522548905416584
0.535466969109408
0.579286609111916
0.655609457113151
0.864277208420626
0.915496107167704
0.930316627149649
0.938963454523513
0.946047669500177
0.990423991323817
1.011912938494439
1.166646498348003
1.214100253879446
1.220996847793783
1.290291541653528
1.309654686743697
1.498801299100062
1.620598780821243
1.636689996364050
1.641971487734775
1.671781093641266
1.776637215306569
1.836108540635718
1.961967675225913
2.031714882008013
2.172469414364559
2.250229449292723
2.300837200645812
2.306050064834035
2.313732429748363
2.390230536905438
2.416679259710395
2.422718543677334
2.497041978463869
2.502757682778472
2.577296871785313
2.634504922172176
2.717728765074293
2.730225783167594
2.737399586066205
2.779171005768425
2.837006748881948
2.842098521241691
2.866906972056568
2.900415458208397
2.959139606489498
2.979622674286923
3.031049084890507
3.163700322786396
3.270759852800685
3.371113449700788
3.394558537045618
3.419802342705808
3.448357388816314
3.573781934564727
3.613395455577677
3.632406982262785
3.642052966154015
3.648764973843500
3.776306129321022
3.785388529755057
3.865514639844306
3.873319191118519
3.879048798006525
3.906208578916413
3.918526476628612
3.965552888193349
4.013771413551711
4.019052966649022
4.083142341183423
4.105886130742321
4.124575219437166
4.147031067954526
4.194717654746719
4.217437148793890
4.228840626535429
4.326628952217053
4.361756395602773
4.439090621550770
4.452502586138602
4.509977529642292
4.519753070838670
4.563843175000899
4.575956057464176
4.618071166841517
4.653056016376905
4.827746910725225
4.832783704834840
4.927383906524383
4.954306003795141
4.963661351569979
4.981502892929336
5.103723455261496
5.217695797156250
5.264061214258081
5.271381912684106
5.277885538026700
5.311166119507760
5.326135576757359
5.518233658664001
5.537324491681814
5.550243497061317
5.755896519245436
5.765448126789151
5.844372044519390
5.856629814348004
5.862541041832779
5.914162399697273
5.990624662879091
6.023188946191776
6.032338133390033
6.039092995689038
6.079849197757955
6.120682446114376
6.194898815141710
6.209730961455107
6.323198201194731
6.394097095016469
6.471806156200903
6.524420010495995
6.555836807132866
6.642613242543055
6.860305708130649
6.899907160678259
6.906616272853966
6.924494024635218
6.933257059290837
6.954674199314971
6.961261863113769
7.020735130920057
7.098830553785173
7.107535990329977
7.115175380225485
7.247436100414288
7.288762123376241
7.410653463196190
7.417594670200653
7.423153355265736
7.449844559057974
7.468675091082880
7.722670982161399
7.821964637876711
8.041955724129938
8.061796301444593
8.077608474807938
8.237572128444601
8.250573560634775
8.270342988493979
8.289701853502164
8.328448549563243
8.338031653694674
8.346275418614770
8.469560161601102
8.529734757222583
8.544540281366970
8.553423756456029
8.643251944228462
8.713850358244946
8.860796340870651
8.872784113120442
8.886293797991630
9.018593647679293
9.032868265291315
9.040538803443050
9.046067271788040
9.071362608932048
9.103856996041015
9.110224604744538
9.163018919223470
9.169064296152833
9.178315353825512
9.183824941614715
9.292258494418556
9.329899611365635
9.417628639711880
9.435555115949695
9.453805158085249
9.485920941186023
9.490936259672761
9.512460816638004
9.591575438340211
9.612137616003738
9.625444339803497
9.641789807407530
9.666334689227302
9.672183076272635
9.683218319430949
9.701492354836239
9.712527597994553
9.723989479439465
9.736456673422330
9.741612252030952
9.746788902801256
9.902999945899275
9.937483221137693
