0.038742807465343
0.052835696727653
0.162265022942107
0.268609327826390
0.538832964344889
0.567386688438710
0.685546070675873
0.736793055998508
0.826690961013913
0.866383485244952
1.062507333971855
1.170136568471175
1.351188245697456
1.360279260918293
1.392383528758641
1.471135313703199
1.506818133444342
1.640425370180285
1.841452747254211
1.897632006598800
1.949243480534751
2.078211681780460
2.144427398109550
2.191854744082703
2.295257546439932
2.327660642667186
2.389347205920750
2.447449608228102
2.587876298096528
2.653436942717971
2.785999995290770
2.870817173322178
2.896845226529194
3.034557573333138
3.088030086775020
3.217440504287743
3.277054265285384
3.328403937065994
3.433172419336584
3.471625520704078
3.561549447221961
3.734160989096154
3.846609851601105
3.986805368040072
4.031641755745884
4.166133926203709
4.224841311089172
4.526240707292928
4.655950892748587
4.693516263509622
4.862342566392148
4.886946985991667
4.967808119704244
5.117478901289441
5.303922345780802
5.354426975906697
5.473568426196223
5.516600618866409
5.590134551111953
5.668048396838711
5.769525830604885
5.888550717547512
6.014576684236313
6.108008992048599
6.185965718008977
6.265276450440338
6.331382495063139
6.469286449893048
6.615354963265290
6.737336917243748
6.915636286894171
6.981814436329191
7.122654699131121
7.257873796992546
7.297421617618656
7.327355300991706
7.392070254973818
7.530012432250289
7.615070617236518
7.720390869148871
7.817561851211352
7.837603121112276
8.015652961165731
8.120174335908803
8.375567368911058
8.505927795344057
8.619043830766664
8.815088100586033
8.991215458988577
9.100739267004830
9.221384953144410
9.307973910131800
9.428788656823011
9.557236118890344
9.613794590221390
9.653486611986974
9.809693390112351
9.835299754871786
9.875838433495431
9.891585558670929
