0.013800000000000
0.019124322848830
0.152486527816935
0.211214174928090
0.355594398548072
0.389799611541501
0.428008119623371
0.471321906704263
0.493268044770947
0.501587330653900
0.511349514252735
0.548728406951765
0.558312010132421
0.586315829458046
0.881122848851827
0.926572619221920
1.132486224041660
1.285792713386076
1.319259848283421
1.356047260163280
1.419954624605378
1.594906689972421
1.614913071274612
1.670685169335584
1.684387376993532
1.690641353801021
1.750509359652744
1.900358966224358
1.905463850585148
2.008902951809238
2.014877483333279
2.021522268726449
2.078521838051531
2.084209613210674
2.092041614038407
2.106497626080136
2.124661638557114
2.130490131908417
2.138671647485338
2.145549996560897
2.227950530980054
2.281309106433275
2.295003328153036
2.333883299169734
2.342329094071914
2.358045488937057
2.365118657828043
2.415462014849468
2.521495300369943
2.531159179400700
2.569925605093821
2.711677460731573
2.720147910227796
2.727203424821076
2.819687745545438
2.827619704573385
2.834237680373294
2.863467714755338
2.886880121711378
2.959092666699337
2.967712421390815
3.072822683005118
3.144093405756999
3.290185048843769
3.314555643165146
3.341799136997923
3.381388122857230
3.463126590940607
3.512515409007926
3.532683827143260
3.589602672519365
3.624170522297726
3.788666773690685
3.857198785326208
3.896174014745451
3.966313044393598
4.046558062940516
4.051834077714496
4.100584182735856
4.181453440631160
4.190846088121816
4.225186918467758
4.233221990662130
4.251527134481140
4.385219432877931
4.435561583372016
4.450604377952148
4.475278411761908
4.515395206271211
4.521262376930663
4.575984005373393
4.624065636752211
4.688041597823063
4.694661978081363
4.728982797217221
4.830445354332110
4.844404872736348
4.911262554186657
4.946154098464711
5.178684649280620
5.353982631825696
5.379059582411822
5.433730455425215
5.478434322821598
5.515540530587287
5.524076913430189
5.567876974423410
5.591179649759912
5.611563149169830
5.626818528860405
5.658783643162196
5.917211185794381
6.074448924489216
6.081038149770223
6.092133007318748
6.102517242130885
6.249721571193267
6.271039671260993
6.279224723140146
6.383085645980994
6.421308488232472
6.436745285075759
6.543388713625574
6.576477936146377
6.629131767949334
6.731405050951512
6.838614640649396
6.847806427666251
6.856510404111722
6.869475079449963
7.022616738530236
7.036422203346285
7.041552321974478
7.051290970938907
7.173659585506384
7.190635745140527
7.225842420601325
7.325505166517151
7.350716527371174
7.369261255951575
7.377640121561780
7.421262517173707
7.440286672978181
7.484804123715374
7.629860527090494
7.655231851778327
7.671091093653202
7.889866482761547
7.926512848660064
7.985619133877174
8.024326463475303
8.058686539338520
8.071850500328937
8.083356926174758
8.145129645007458
8.183773214461269
8.225766055430755
8.427942636962490
8.454974434948506
8.591534472095098
8.661628207168556
8.704561103865439
8.723213349054816
8.730116949358781
8.781297384692190
8.794513244778116
8.850635739960943
8.889700360008327
8.990757110294654
9.019603770712337
9.118083917176222
9.123710271314058
9.167274274639489
9.221717175177215
9.232893444139929
9.239112199727526
9.271410390318843
9.307560187180146
9.333703655190462
9.340296243244202
9.375917134455912
9.394787897315528
9.419021237167575
9.436166606266747
9.442129585675923
9.452306281464024
9.510920191409811
9.527997737233719
9.533270002567590
9.539874375411181
9.549746038896329
9.571533172674590
9.593418472325313
9.782145564420212
9.811045973035696
9.832568040531067
9.843646546631433
9.925839725539024
9.960758320963816
10.000000000000000
