0.065334498653694
0.099493295165748
0.140864997229585
0.240850093472794
0.284505266708220
0.384135401539749
0.505500869697979
0.612910183307326
0.694838596971539
0.834409161523294
0.870287554626272
0.946705397533969
1.113372922397724
1.158233340189844
1.270599641993756
1.382452917174700
1.448274978339647
2.014648331614947
2.037369428097005
2.123021286296838
2.178511416924812
2.272772635417251
2.351160170272653
2.445495906185882
2.512074306236025
2.573264634072744
2.611051926900558
2.658436704421030
2.685753503800339
2.941492633520007
3.052611459138324
3.184070843833047
3.320294393960794
3.362244708971923
3.457179984718634
3.674431768296587
3.832626060869877
3.857898076584929
3.930529398271602
4.017262800411891
4.091872375711035
4.256899650896298
4.331662583427047
4.354387677594074
4.450780674661417
4.556970106340532
4.588509019914709
4.945781369399497
5.097013283105304
5.156309492924535
5.170887817441293
5.248986098173850
5.270810643378379
5.311392870639203
5.437920278528453
5.515295257345889
5.737495409271843
5.763485963230143
5.845523863611291
5.978060321535165
6.024728657160063
6.080085336968412
6.133597309384498
6.191240273621869
6.266757064929212
6.459322317337448
6.534873892644823
6.560842488554054
6.583342686983579
6.688476944685288
6.762017132183358
6.894379149740145
6.949336229147418
7.035440905055283
7.177816744725099
7.244810292203756
7.468146274263672
7.553033945303459
7.575899414194129
7.665649870991453
7.857317593245771
8.023839219560765
8.138789717034729
8.498227919999440
8.613432991972997
8.765283769837414
8.816315948914008
8.892313185348080
9.024395837989740
9.143819886698369
9.250493073590674
9.376399655380594
9.430978655923461
9.478739209066623
9.552914671682618
9.670304192429082
9.686031122024259
9.854358081714675
9.869844383084111
9.909686668394402
