0.010095291408803
0.016136694874760
0.021584407261034
0.035534947497047
0.058070852725215
0.066822549687047
0.082506086988757
0.088438033444761
0.193466797456136
0.218152952312221
0.227889684874447
0.283867602085165
0.379881854938794
0.422089302081079
0.448326092194104
0.572754537088388
0.580244739851914
0.588159147982266
0.625777062777804
0.640100272475826
0.647260318680723
0.656132737960134
0.749771122816639
0.791517487555833
0.861697861540622
0.867638059836237
0.881135770349479
0.902273311973159
0.984374342453082
1.017484828808418
1.037523764797270
1.274700773962125
1.305146264840428
1.532099719926409
1.538062925077688
1.626870334086796
1.632351533729117
1.717866559676428
1.815509191324845
1.934008142530892
1.941145601966699
1.962860213567493
2.018899031936399
2.027427167499037
2.032994206708010
2.069246720108791
2.076085099830186
2.192705040225565
2.348781466780056
2.389622732499614
2.509270292924080
2.727902276722606
2.822603549087691
2.900196227008827
2.943518920504969
2.949429780492222
3.036131863963821
3.065001623638767
3.127291794235521
3.183564831165596
3.232315118479796
3.248614615274297
3.334612592884666
3.374443130467468
3.479476107277709
3.531561445892303
3.676847676228843
3.686712855862900
3.719285549628734
3.730601261023942
3.756264136584308
3.911535314542520
3.917917232725854
4.110112071554216
4.121875597523967
4.175474725168426
4.188214173602666
4.229572764221676
4.258504432225687
4.325546096940516
4.384957457009297
4.438832227937584
4.447945358039377
4.456358627549116
4.463778379741383
4.502121251522937
4.511298201797331
4.771547811904532
4.778145518802930
4.783423757840859
4.916077623862840
4.944077693084365
5.061866230956184
5.114603127539649
5.165548991662272
5.171470247611904
5.187964795447948
5.218818507360019
5.245307542587327
5.528091400234450
5.535368201213779
5.542237396058308
5.674831482238135
5.693025843864170
5.731619144938378
5.825936430067340
5.834373189179259
5.844848271414068
6.130520181776428
6.149987070129143
6.157453039283256
6.164236659443982
6.179518345464494
6.301022962230979
6.360844747055462
6.471578300898632
6.482992601784740
6.500405422588853
6.546597153789720
6.553471974694804
6.627104175175335
6.641147894884848
6.717409941180590
6.722422441174229
6.742250126782166
6.780625141347008
6.809077152454853
6.821679354818460
6.886946136220923
6.915860322097153
6.932629239404480
7.027454657125516
7.077961137995669
7.091796261935392
7.168826450947694
7.273213463493476
7.330756784862217
7.477091965478161
7.517800137113589
7.524476505706628
7.537861756381036
7.568476498858347
7.622823410949603
7.631769995216160
7.641786730555909
7.723807236138361
7.731289524613466
7.736728034291001
7.753724981063559
7.762783534918419
7.775706849983351
7.784103642628719
7.791747782835095
7.923638440128493
7.932517749255664
8.024229813713021
8.029437931582141
8.039485515643339
8.164569830880238
8.248693991503627
8.255735609630770
8.262634235260570
8.292736818383219
8.429562745254495
8.438060969316252
8.509073355670322
8.543353393404580
8.550616009707520
8.584174146983706
8.590541482902687
8.617500510201927
8.630362771580673
8.716303448559058
8.736111400207740
8.824779268919883
8.835329085706604
8.840576336555435
8.862653328412158
8.966865086285120
8.974591215223011
8.993441917720501
9.032761454250213
9.102741237391376
9.132482000422096
9.141981356690303
9.183237375158948
9.231374083766623
9.237234527436282
9.345264903575892
9.391890541739798
9.428706922761108
9.525743931638242
9.705317747513165
9.771545546993931
9.822495599684075
9.837064648368814
9.903034126028864
9.918735245211208
9.944467566594838
9.978083403127721
