0.013800000000000
0.020241407992066
0.071190481825449
0.112039521059119
0.127540539481420
0.295763562940731
0.479511606183718
0.701830378440940
0.858837484058050
1.041724159294898
1.132551405173087
1.321696132497948
1.359591630638517
1.435052507276422
1.440447516225728
1.682094032883194
1.815581018740080
1.897630014469273
2.015480144571113
2.022983997724102
2.231434239517016
2.477494302757711
2.528851106604705
2.787808757970546
2.826805133913958
2.834584554098760
2.925187202511050
3.030290137427526
3.184209704927979
3.314275781045730
3.346628441287545
3.524645616166975
3.584470996614467
3.686195998565080
3.692087741314189
3.770358191167413
3.869999986764506
3.886291113014717
3.947718481518130
3.981451065209973
4.223207469064215
4.330852675245498
4.368885958405524
4.486599390045435
4.575962958154624
4.775884160849963
4.825715962582280
4.845781066124244
4.856898696968353
4.986653539838099
4.992571250929867
5.013318292710617
5.028065679096359
5.053199739552915
5.123262467397244
5.173131878556440
5.213048817956427
5.330980476656418
5.437978137251078
5.694909585683500
5.738763539028845
5.856560632692929
5.990244268856665
6.266184517198955
6.349797773075116
6.439227167455032
6.444230266591069
6.638707008237138
6.668137289414800
6.674929154824516
6.776026809081770
6.790451860078378
6.875566097652083
7.085928158748056
7.091050735432681
7.111007942291343
7.340663183310292
7.410292866599876
7.433433064541147
7.563569128104919
7.661106766353201
7.832989189573952
7.941901057044604
8.166596572380108
8.225116930001377
8.232852692146286
8.383009364756376
8.427813390204420
8.692218062356179
8.770969382345800
9.067904290089722
9.157293548360920
9.278496291731058
9.354473047028586
9.481344218770538
9.581582224651855
9.650051450185147
9.669277452721850
9.784065897226625
9.993911388515480
