0.042815344463113
0.099430688926226
0.170996758068265
0.268348415990415
0.297799903601628
0.392578356839732
0.420443620726430
0.433713740670702
0.578785591574609
0.617458132671590
0.716712869567789
0.773787476654098
0.814582031647325
0.828888985298968
0.840470094649324
0.889487440358779
0.897552800132880
1.010461707614264
1.099974057885697
1.144179273952356
1.181119055038375
1.278694279495377
1.287613508744922
1.352789268343489
1.568079498608629
1.590794980340898
1.610500618557372
1.649326368119891
1.705529761804164
1.714111578798441
1.756000765193749
1.817740954372892
1.823077506512904
1.878301220609165
1.908958526651512
1.937919632657387
1.979113643338198
1.986933723716817
2.090694697888035
2.106044046805528
2.133751656878009
2.157820121048588
2.214837728378059
2.246505472379500
2.268542928317405
2.277825205955953
2.356260277846252
2.438333520966382
2.503922581137535
2.531967044359436
2.630226126839960
2.666937722849303
2.676912108219625
2.683614702574136
2.739628810771336
2.925801981605469
2.949665212525162
2.954962123261569
2.966430474723003
3.048324521650365
3.069569490892554
3.210430766365019
3.274323371347388
3.347474768196978
3.384826578836774
3.423285963055275
3.476743644387155
3.500853058405717
3.509673016468594
3.543811606250149
3.572215516930377
3.645325797219226
3.717516390767524
3.771720545365281
3.894335106196935
3.944059501505122
4.074646112932932
4.095264743225195
4.222431911612388
4.285720514786413
4.375357150359553
4.482209661979536
4.490606847417607
4.628611360978317
4.677081814643346
4.697664302683933
4.706510413953214
4.726058231856517
4.733765378840670
4.834863114099244
4.884486954667759
4.965379837133694
5.037606308967161
5.045372127754637
5.134592827566379
5.143254199455690
5.179980701986972
5.223659425995550
5.248786455098021
5.332209854031145
5.379050019148813
5.388960187169752
5.434325266568443
5.524204311750693
5.576896740707496
5.647476527501011
5.757785762303119
5.782173672484435
5.813330381479889
5.833779190817962
5.869406789834657
5.877978067692337
5.914667083578120
5.977817068589246
6.026110285791004
6.088930756590624
6.103251734304242
6.120504669379065
6.134802177518254
6.155603154262631
6.160673530696343
6.225751890826142
6.273845242123870
6.284910087705259
6.290245996327418
6.301927357159574
6.312812289995672
6.420520547451768
6.429381636202644
6.560835826118281
6.635674468450555
6.641697440189413
6.762360452838639
6.772721278471123
6.840408930822606
6.919366938599779
6.958561646469478
7.015546584656305
7.110781280347160
7.116146878630466
7.151672756076387
7.161485417250962
7.267567998297929
7.283964673357295
7.295467172073810
7.324955583176011
7.340860465218076
7.479664964365492
7.581616207507861
7.614894284877908
7.678525368492370
7.685934334213541
7.749387472785962
7.768041533880219
7.856701080292245
7.920131081878824
8.024331889439980
8.074823356537372
8.082370364179313
8.090288723917048
8.107254880106826
8.114411192879205
8.143045616202404
8.233972059092835
8.254878250538264
8.289876594064744
8.388135893977102
8.433712339473036
8.508833360130247
8.535148928332598
8.625017408883007
8.697983649189533
8.834805460377048
8.861198053923156
8.910815036454895
8.926778893798460
8.955041251561358
8.991217299747186
9.052206752064377
9.057671550093463
9.100097896776328
9.105117070603857
9.253062635368758
9.331873890832361
9.345705323145319
9.411879287840826
9.495301740660951
9.519273959747693
9.558066915714413
9.566382810691758
9.650505408855977
9.657515810161351
9.663937477582706
9.741786399637197
9.763417157946346
9.774744033302234
9.793841823140054
9.943593215631589
9.964075447553924
9.974177667425391
