0.020465318026948
0.027850798365605
0.037233067817088
0.047019304392182
0.052312502190175
0.057788084485710
0.112508852371065
0.120824927837540
0.174576910565656
0.179955335517819
0.208813378660083
0.215385295881852
0.223907969577737
0.229132607724647
0.238363455602257
0.258118315367739
0.263724972713988
0.333552945792964
0.339054238994823
0.344104238661007
0.351779089389690
0.357202204993069
0.362589073407004
0.369648907759648
0.378940541166572
0.501492882968958
0.533380562829084
0.538430562495267
0.544868911998039
0.550531424961926
4.102470822229064
6.337919504636478
6.346872415421268
6.371973121617014
6.388562167570285
6.410691756713686
6.665567557927078
6.672523634920007
6.778757302687614
6.790050683531004
6.810125451611537
6.817903166723321
6.823045634168241
6.831986135243970
6.837838360541791
6.845989554779745
6.851039554445928
6.870426185988918
7.479423749444111
7.484473749110295
7.493037564131528
7.501838922689383
7.507131392634033
7.531910110467662
7.538322793245982
7.543425729412043
7.548862717141529
7.555185817846956
7.579242442589879
7.584707646992923
7.593866677048412
7.716535420363875
7.721844199146237
7.727997744258512
7.743366830331903
7.749092486736322
7.755122616554937
7.763045744128533
8.072124169537707
8.080018214018848
8.104869890077062
8.162643382019752
8.169353551610639
8.178428694906280
8.184106911079642
8.189630185723342
8.293957994378244
8.302162468572337
8.316697420023694
8.321817633748434
8.383101587592398
8.388809665771490
8.418432968469112
8.425012790628207
8.432073081703185
8.437172556419100
8.446782860464415
8.454166717070191
8.459579656972958
8.491523022488577
8.514268534621809
8.522356165890720
8.527806292049934
8.620135913200567
8.633352218693748
9.639670113524319
9.648790781077292
9.707533583781123
9.980658688760359
9.987120255730812
