0.101010101010101
0.215820202020202
0.330630303030304
0.417840404040405
0.505050505050506
0.619860606060608
0.734670707070709
0.821880808080810
0.936690909090911
1.023901010101013
1.124911111111114
1.225921212121215
1.326931313131317
1.427941414141418
1.528951515151519
1.629961616161620
1.730971717171722
1.831981818181823
1.932991919191924
2.034002020202026
2.135012121212126
2.236022222222228
2.337032323232329
2.438042424242430
2.539052525252532
2.640062626262633
2.741072727272734
2.842082828282835
2.943092929292936
3.044103030303038
3.145113131313139
3.246123232323241
3.347133333333342
3.448143434343443
3.549153535353544
3.650163636363646
3.751173737373747
3.852183838383848
3.953193939393950
4.054204040404051
4.155214141414151
4.256224242424254
4.357234343434355
4.458244444444456
4.559254545454557
4.660264646464658
4.761274747474760
4.862284848484861
4.963294949494962
5.064305050505063
5.165315151515165
5.266325252525267
5.367335353535368
5.468345454545468
5.569355555555568
5.670365656565669
5.771375757575769
5.872385858585870
5.973395959595972
6.074406060606072
6.175416161616173
6.276426262626273
6.377436363636374
6.478446464646475
6.579456565656576
6.680466666666677
6.781476767676778
6.882486868686878
6.983496969696978
7.084507070707079
7.185517171717179
7.286527272727281
7.387537373737382
7.488547474747482
7.589557575757583
7.690567676767683
7.791577777777784
7.892587878787886
7.993597979797986
8.094608080808086
8.173501794792591
8.296628282828291
8.498648484848493
8.511435901990982
8.577213804418870
8.700668686868694
8.779440932809473
8.902688888888894
8.980927028557765
9.104709090909097
9.224620288487005
9.306729292929298
9.426145690002151
9.508749494949500
9.609759595959600
9.676835082336089
9.696969696969699
9.811779797979803
9.926589898989905
9.994284739239388
