0.015401887506915
0.044603775013829
0.049988464973121
0.150033124916029
0.159564933006174
0.165058771546542
0.170071270595515
0.175210259567280
0.210188114497943
0.217997442963195
0.223009942012168
0.228065501756740
0.446190508467658
0.457450222229919
0.481617530505087
0.486630029554061
0.491642528603034
0.496961040575032
0.501973539624005
0.506986038672979
0.511998537721952
0.517011036770925
1.018519496801410
1.023601173624371
1.043958219465506
1.048970718514480
1.058470184925095
1.077576152543698
1.180731324869976
1.185743823918950
1.190756322967923
1.209117207983322
1.214516851628388
1.250347174530319
1.259816355347124
1.274410411652597
1.279422910701570
1.414760746784060
1.889133563765097
1.972671026458992
2.011661855421773
2.016674354470746
2.021922918088778
2.029463908560872
2.036503230857101
2.045654691291771
2.052901892378216
2.059640249152590
2.078452748201563
2.140445898467295
2.178558826655793
2.183571325704767
2.230741721995307
2.235754221044280
2.240766720093254
2.489370868820819
2.494383367869792
2.499535413938330
2.504547912987303
2.512324418752895
2.517546302569165
2.569925995296472
2.637079810077792
2.642092309126765
2.694380290392341
2.699471691382493
2.704533109361989
2.709979010541544
3.049637935344524
3.054853853509071
3.061390256931024
3.081060638740921
3.086073137789894
3.209707247415574
3.216066471343677
3.221310128157246
3.226322627206220
3.232543311660608
3.240618271334720
3.249369498160166
3.255551748833410
3.260564247882384
3.265691325914552
3.283317985114897
3.292839794709992
3.300176177549758
3.339074237447041
3.367739589991885
3.375305616082419
3.710098812986011
3.715717268957002
3.781425177465267
4.430613900061751
4.910678133706607
4.915690632755581
5.410294236834612
5.425204340259062
5.430216839308035
5.435424702871832
5.440437201920806
5.472437921560860
5.829531128001765
5.834543627050738
5.839559570515974
5.846325321797521
5.851414027210092
5.856446036250683
5.861458535299657
6.136621985249881
6.141634484298854
6.161320901382227
6.174785426854529
6.194075336248028
6.212761606617550
6.217795745695281
6.222808244744254
6.227820743793228
6.232833242842201
6.334803835974129
6.339816335023102
6.344828834072075
7.135301790183145
7.142193004568023
7.174660249148443
7.179940060140714
7.186084080903448
7.191142295608054
7.222181294466437
7.586987877944121
7.592001903382327
7.631222377623996
7.636234876672970
7.641247375721942
7.646315981809815
7.651761065577293
7.681519805497103
7.700332304546076
7.705344803595049
7.710357302644023
8.120015466593777
8.125127717307908
8.314127656937240
8.319140155986215
8.471738033318060
8.479727695805870
8.488496686912407
8.493509185961383
8.545048613468957
8.550061112517930
8.555073611566906
8.560235680281645
8.565862774638537
8.570972678884617
8.575985177933591
8.585865370822312
8.590882113653503
8.623878241922313
8.838866882366192
8.845204084818409
8.869238734201280
8.874251233250254
8.890382998292772
9.170020634832010
9.175033133880985
9.184590014084367
9.192030341568522
9.220843539962926
9.332078789211891
9.337109319112278
9.342128582188172
9.360941081237149
9.365953580286122
9.370966079335098
9.375966527798438
9.383559333107172
9.501473075664070
9.506485574713043
9.511498073762018
9.516510572810992
9.536842659429594
9.541874524845332
9.558036828596521
9.564216737393036
9.644776231551223
9.673589429945627
9.702402628340032
9.722467594567782
9.732006395887652
9.760819594282056
9.774458179212823
9.780525172173625
9.785537671222599
9.790550170271574
9.819363368665979
9.824464767321153
9.829477266370128
9.858290464764533
9.887103663158937
9.892116162207913
9.920929360602317
