0.011928891176413
0.020561014953111
0.164787778468815
0.246843613529617
0.270789974915532
0.492719141849088
0.536405777422816
0.647984657212193
0.773223542959489
0.779553614886578
0.810018219612392
0.888271157449955
1.090700947195317
1.211528845327394
1.223168358490811
1.341063184426827
1.708222057201204
1.881941780103692
1.989934595583579
2.009920761575755
2.827255023160054
2.864319226483332
2.871857707858814
3.104552061003626
3.541008500921606
3.554288275110842
3.639142839731430
3.657472372657870
3.758977169431092
3.789498636046781
3.851662732468377
3.980829993012519
4.042614317041543
4.058261057133057
4.106237211218902
4.192318568060230
4.349843545205085
4.359598811555359
4.450756007423518
4.553544837461177
4.848825689840122
4.926237182374384
4.934314060566475
5.064995049458977
5.114667487688823
5.274329827042726
5.463713025265019
5.551496141920397
5.575736975733516
5.584766275230522
5.788124248121862
5.808962098991430
5.833578388552626
6.043048598863772
6.083838227363146
6.166516399606609
6.338027887815350
6.655855203452340
6.708496818954289
6.736725405619521
6.763617827940001
6.899736756990405
7.064853165432391
7.097042333791872
7.304942077678883
7.388101491613623
7.500011285999603
7.521622969071923
7.546842794635631
7.565201738793402
7.579501048431304
7.589162078325553
7.634622649191918
7.643334651773129
7.728344774036818
7.736286421351759
7.752738778361077
7.760362252820457
7.777004114260090
7.782266651789782
7.791193770781852
7.909617983043803
8.416760189019811
8.423410577187830
8.452355658248718
8.532453631567989
8.777777139886997
8.936138971253918
9.043104321691175
9.051222055241317
9.446190552807151
9.451610030962035
9.620742564472881
9.629142532936021
9.635859047998919
9.645641195214653
9.654539295195333
9.926459771715290
9.952489966984974
9.986745805362641
