0.013800000000000
0.105207520908084
0.144473384761795
0.150237741657793
0.330131665487410
0.462333140179342
0.472279075451649
0.542100957607032
0.613254362090448
0.618404400397840
0.656944741909784
0.711001580463009
0.825781091427250
1.133582752104794
1.289682996145494
1.375532696236105
1.388200252065477
1.779764658809242
1.791012271701653
2.125354931056345
2.333074433653384
2.342363687414758
2.414138716829196
2.547443844874518
2.670822931872793
2.756640956944350
2.955789656858101
2.961427565038105
2.973461114918107
3.311167537951296
3.611900158415373
3.705817649322692
3.910627079198426
3.921435801426858
4.042777861337376
4.084319836584042
4.194819063746600
4.289724477125473
4.300645845410193
4.384372573732954
4.567056013505431
4.613966764839685
4.867788972644635
4.877634412488252
5.118303715149399
5.131967792385964
5.293244673848204
5.410807785866464
5.418116601910002
5.514562869477865
5.662906620730531
5.670990829656470
5.839821464106461
5.847024846545119
5.959415712700277
6.105180058465742
6.327644461505574
6.365533769125836
6.436583617018063
6.445913290551315
6.578737030581993
6.594253036898758
6.701365635391124
6.815987865123728
7.063324589770915
7.179518563095191
7.291260938942302
7.353055491675268
7.360501372368307
7.391808719719260
7.649339809664123
7.711250564657344
7.967747387082301
8.036701747138878
8.069515673910908
8.099780863652017
8.265803377944943
8.274398981297407
8.291984481788786
8.517111319979216
8.527508773350387
8.578905540143694
8.678363638326324
8.845002189830607
9.026012578417804
9.047752125291366
9.054328824958224
9.070303015918752
9.100851358956833
9.106984977861380
9.178570039850159
9.385765967806273
9.446392896004971
9.462796638215721
9.517773935184433
9.526548377962447
9.576536230238389
9.689566098598316
9.876776571080553
9.994321549544685
