0.019138441722464
0.076868099869598
0.105626329421567
0.116289933842756
0.178646248881764
0.186325498104660
0.290232130426125
0.322871356572448
0.382399699054448
0.422465409227745
0.459971718767892
0.490137726555977
0.543475123242042
0.594873746343403
0.641251675194615
0.722213913303590
0.817336501712112
0.857311038311657
0.886114849758248
0.955434801490404
1.022095287680090
1.030749127595419
1.041141863245311
1.170307293376044
1.216575319263354
1.227290871624602
1.278431519568051
1.306393517048763
1.333878373270067
1.380220554468961
1.499431409219039
1.532857507644526
1.541795856575631
1.555723795905505
1.581925347861931
1.640532862687657
1.674224834366157
1.728905458137741
1.764477832378484
1.794671380587743
1.834814708294597
1.939347912160346
1.958091107970888
2.018356150311915
2.058626436920767
2.123476302533876
2.146272312791318
2.190368987247004
2.252037234187572
2.271840660413721
2.296007366642529
2.353759225216984
2.425549321486643
2.463112187629720
2.497998796907500
2.521783651155566
2.571394340109812
2.583840217912884
2.670985353906056
2.692557057685900
2.750478829996828
2.778699574799711
2.831783894662053
2.859944078620989
2.883189138122704
2.923939237212553
2.982126493664143
3.028517170778676
3.086604242730010
3.125275331020937
3.191164099682920
3.221217575001535
3.251770378542916
3.309221256311464
3.350013696187312
3.416285880467732
3.429096309986751
3.499305875766470
3.537559464388020
3.589132338177141
3.661600139752886
3.702443167513218
3.736808943566844
3.784270254609704
3.916717188088642
4.036861878873807
4.120653436471427
4.165016252091221
4.210368851713850
4.270044191993875
4.299549805981767
4.337124832331050
4.371685338083781
4.431336333810876
4.440273003187707
4.468502259970277
4.523371026148328
4.540786786261132
4.578010534012985
4.724715206747068
4.770436619768726
4.821134633147580
4.852220600454417
4.890973210397446
4.914190713362481
4.940096301549818
4.982436371928768
5.060747114323534
5.114436452743938
5.194986732404069
5.283351553022307
5.322524450165753
5.375774804531686
5.448735623592562
5.522893132737146
5.557191268485128
5.618565816967548
5.634258631490531
5.676972628328504
5.731757264350549
5.775159498980578
5.811521534058505
5.840194005349391
5.889345995057747
5.946034549475504
6.031499442792847
6.110354775740846
6.229049923745380
6.302448138621901
6.379399676565638
6.488663281551310
6.535064098702006
6.571418616016719
6.630815308694141
6.696046920382857
6.745991172211029
6.866813237612654
6.897392841951328
6.941848355745061
6.993265767308302
7.057387223403277
7.107924001250606
7.130318572130184
7.183319952501009
7.234782036011072
7.269185672919455
7.355629873050458
7.436726314693897
7.487461223011596
7.563565361491128
7.614787315797330
7.659636270309332
7.692071491130465
7.708337515198407
7.728875382237709
7.765922312036599
7.779580285101835
7.794673441425494
7.863947537155791
7.921666309450409
7.931243790791024
7.943639192577460
8.018061816744922
8.033880511658790
8.087196232874197
8.125253302557821
8.185059318846232
8.218258863813166
8.247120409308836
8.315942418030620
8.353359526666106
8.391129095762077
8.437606579457487
8.512152416034338
8.557983856539154
8.624067171263130
8.661673359127132
8.681986134816592
8.815532153441428
8.824622759869635
8.855334791852775
8.918152534666534
9.012409156301924
9.045130105798924
9.115773347467414
9.221095604092616
9.313205508250348
9.325141474606751
9.344852484385166
9.370333599888282
9.393987685076187
9.411919147960523
9.438466808843401
9.473978081333719
9.579011583587171
9.677311516915452
9.732133623949604
9.812788697194604
9.897043589886412
9.991385796040896
