0.013800000000000
0.083476445764118
0.102460575074533
0.154402599766320
0.161925648466471
0.224121616753559
0.252042092263647
0.293146897851395
0.316771036237740
0.358119922811958
0.411527064729273
0.463496293741019
0.537981030014145
0.571439403670653
0.614263287142992
0.656211465298408
0.708689817276143
0.720240484818753
0.748091463525604
0.857205912795091
0.963190808489228
1.018709624650117
1.075135354912681
1.100953053574776
1.160960187482249
1.190985586977818
1.209919531453125
1.253552272676000
1.290168330715968
1.314379038669958
1.345759593202237
1.384115158488230
1.435464413716323
1.477848601138865
1.511125257428704
1.551458184394279
1.621298171347207
1.644622544276501
1.672751093524495
1.709618788581349
1.829801699211782
1.867263519123572
1.913306966201779
1.930004387529000
1.944995417560366
2.022382914010549
2.075433881750385
2.158339855484175
2.171733167231588
2.259763327363880
2.328667085744600
2.379496431600405
2.467543954937731
2.501701434969974
2.553479217781960
2.577606089037328
2.583135401783671
2.705461886931545
2.810374563505817
2.825653373924104
2.835595621844750
2.857607081374528
2.923184770821002
2.933226210304754
2.959807409110484
2.973426033434616
3.019924529218797
3.067252656922546
3.097808013440889
3.143894254536210
3.179982794486005
3.219812906848438
3.262321836878380
3.368702380872806
3.409880472759622
3.416921732030094
3.430644258111583
3.483689116584240
3.531054862822699
3.577638947435921
3.774035181564710
3.835841590965315
3.869099432845283
3.912606615818447
3.971293611992058
4.042178573168263
4.146485770578487
4.193989071944871
4.217085421452307
4.225307464339787
4.257567599281422
4.322380305313119
4.377614471105126
4.434644555635465
4.478801641070951
4.589686218478511
4.654905773847904
4.678865995588587
4.754571059978147
4.782846389026206
4.881197469817462
4.896932957170474
4.963340720588268
4.977186943388383
5.050522411891878
5.092094699622178
5.129417554520712
5.136659134202982
5.168685402248466
5.232560983458339
5.283303371310928
5.351593361218083
5.372907509303703
5.468795840995923
5.498251726584456
5.551287323962157
5.638376000433800
5.659312851071745
5.700538462197385
5.761336890607634
5.826445909130161
5.863198747360835
5.884854958851085
5.988948145167408
6.040559276619019
6.128865813637190
6.188490549376322
6.247063732797787
6.280614267498651
6.326185368869371
6.456247713851609
6.483571250661729
6.509038455533422
6.535571580107149
6.568084024503611
6.592138035329364
6.651662808370973
6.693121936265728
6.794101324808323
6.843297823748149
6.887205693045413
6.925621515741694
6.955925208166287
6.994100895852982
7.028610557773428
7.056376660878581
7.097349830827564
7.180991123177091
7.230867942185336
7.345508361143712
7.393912200993779
7.442964217354438
7.516614317627911
7.590294322898057
7.612909115210030
7.634149037761460
7.704600689277248
7.741889469907576
7.945000340792676
7.978689072892830
8.039721091458230
8.074971653010028
8.116037649204911
8.148447279423799
8.232817754380321
8.382557778838999
8.458893584662979
8.508331015614434
8.585039212515040
8.624875564211694
8.640890029308650
8.682164185223545
8.689958348324083
8.762184802265436
8.822952238259479
8.831186562649469
8.907086005871840
8.914257013855718
8.920638430819812
8.954749778263441
8.982123978526403
9.028732447553745
9.064365059447708
9.148461154972757
9.179896825723054
9.217544461712267
9.285380321175658
9.362487758716652
9.374760017896715
9.442366823413856
9.474245453023364
9.497398203456257
9.586010737657517
9.625234985984523
9.670499134511761
9.688537894300087
9.752825551634675
9.834319392992542
9.855922821596838
9.906030824274865
