0.045936817249823
0.181188766846959
0.290873694359545
0.416121670252632
0.473254762904706
0.503399490941217
0.594335972373386
0.700606601519709
0.793253465599395
0.874994980844194
0.938374099019440
0.990630001962757
1.030170266348670
1.088003464373465
1.150462907176805
1.229874847825252
1.362396343872253
1.440543558428350
1.512896658376733
1.642455066171835
1.838671090987325
1.851160832746914
2.031009074936585
2.051568645412491
2.075835916790846
2.272075373053385
2.280312934992183
2.372560737597473
2.392246055123719
2.512564715739365
2.539338611260844
2.610495017552361
2.720958017154304
2.846957812415706
2.972314088988868
3.042685140472118
3.150963781911695
3.239717170923747
3.273173049193956
3.389184141219061
3.526755348925251
3.650939774782792
3.841055511550752
3.846341010440286
3.875430588865337
3.883794544893943
3.923839298677684
4.880314459465897
4.897292207843083
4.986331721641132
5.104036368961873
5.287103562954321
5.470098729141539
5.575745029922961
5.627545950427986
5.675918663897758
5.734464054188443
5.811384460658060
5.887056616595948
6.043804584211415
6.125808606086761
6.215925654613822
6.308117697149059
6.378288799667693
6.434337875497254
6.476914169814807
6.614601782384424
6.757775868769316
6.931968476660629
7.101261628724230
7.144467111962801
7.240685534127657
7.336169370193198
7.421701893701944
7.538315489873739
7.694911267891746
7.845906335480675
8.034856231511920
8.159108430030853
8.226040595705992
8.342503761646554
8.488983252468122
8.612219212605206
8.642475005652949
8.648184929072249
8.657198804085857
8.684669043494706
8.843860101276302
8.977713023891972
9.092300783666669
9.190348730203231
9.327895221429193
9.440455603905288
9.462510931722447
9.535477640719668
9.635516894714494
9.679577199078370
9.751575455164222
9.887010903053728
9.985395965625449
