0.013800000000000
0.101010101010101
0.188220202020202
0.303030303030304
0.390240404040405
0.505050505050506
0.592260606060607
0.707070707070709
0.794280808080810
0.909090909090911
1.010101010101012
1.111111111111114
1.212121212121215
1.313131313131316
1.414141414141418
1.515151515151519
1.616161616161620
1.717171717171722
1.818181818181823
1.919191919191924
2.020202020202025
2.121212121212126
2.222222222222228
2.323232323232329
2.424242424242431
2.525252525252531
2.626262626262633
2.727272727272734
2.828282828282835
2.929292929292937
3.030303030303038
3.131313131313139
3.232323232323241
3.333333333333342
3.434343434343443
3.535353535353545
3.636363636363646
3.737373737373747
3.838383838383849
3.939393939393950
4.040404040404050
4.141414141414153
4.242424242424254
4.343434343434355
4.444444444444456
4.545454545454557
4.646464646464659
4.747474747474760
4.848484848484861
4.949494949494962
5.050505050505064
5.151515151515166
5.252525252525267
5.353535353535367
5.454545454545467
5.555555555555568
5.656565656565668
5.757575757575769
5.858585858585871
5.959595959595971
6.060606060606072
6.161616161616172
6.262626262626273
6.363636363636374
6.464646464646475
6.565656565656576
6.666666666666677
6.767676767676777
6.868686868686877
6.969696969696978
7.070707070707078
7.171717171717180
7.272727272727280
7.373737373737381
7.474747474747482
7.575757575757582
7.676767676767683
7.777777777777785
7.878787878787885
7.979797979797985
8.080808080808087
8.181818181818187
8.282828282828287
8.383838383838389
8.484848484848490
8.585858585858590
8.686868686868690
8.787878787878791
8.888888888888891
8.989898989898993
9.090909090909093
9.191919191919194
9.292929292929294
9.393939393939396
9.494949494949497
9.582159595959595
9.696969696969699
9.784179797979798
9.898989898989900
9.984717494041803
