0.106752309167864
0.308545770672177
0.313880041330966
0.490093573974495
0.496811616700440
0.531155037857704
0.538114094811526
0.546822784211414
0.620436940489778
0.626344632753780
0.710957332122729
0.849331645830777
0.855001387386498
0.945775769209822
1.162942542488899
1.216444570223554
1.230666918165839
1.427060094702968
1.483221244727169
1.576991253637769
1.700547779805577
1.724562951431111
1.781010999075846
2.169293507809667
2.178515672909553
2.450641516317196
2.838350689627180
2.914283376873050
2.943237148834111
3.210323581015882
3.215507893822430
3.262572571485713
3.473459589902761
3.493566099076107
3.615187571927495
3.780879090759827
3.809521615252298
4.024549574417281
4.074826266925650
4.084606547941183
4.091618347411168
4.152940844823406
4.371045232092238
4.437118416702060
4.518601240094646
4.549397644598308
4.556544899512491
4.653395765814686
4.662415579452651
4.830551526418764
4.893665172743180
4.993135721340810
5.265717980791883
5.280584849945020
5.496808660290497
5.516265575759898
5.859140753091486
6.072619538460275
6.082032216706016
6.211784247591532
6.217689536907836
6.240566282674265
6.260714152092359
6.393208755332312
6.425799951677877
6.616635974150141
6.822651339826816
6.832197863450411
6.852658634474632
6.909819679063686
6.914987040708911
6.993564812454721
7.178477638973135
7.247862577894827
7.293839315240711
7.370615930531303
7.420330946959469
7.659679189690043
7.700644717690100
7.948406314584291
8.119506137394900
8.146015120237825
8.190204746212054
8.214342417103861
8.360417186727702
8.626507460471574
8.664577978828259
8.942297120069309
9.046373883680870
9.070271803522969
9.143089455577458
9.187487969775496
9.312803920215817
9.544451796392714
9.594190737493163
9.611214319751431
9.642703471772821
9.781947995254537
9.839040700466537
9.869179142242979
