0.031188975831169
0.056725699507855
0.094763026355496
0.113578394487807
0.122124740635968
0.307031712523254
0.325186889322257
1.498753995890616
1.508222707938641
1.562393525985252
1.570430078752344
1.614487683772263
1.619635135984545
1.886423045609113
1.897367438598818
2.055311743944449
2.146326383014303
2.256034742692193
2.287548224479529
2.322463441886257
2.327771038708161
2.333590947297781
2.473677592370514
2.534723340420453
2.549631235728597
2.564741427605961
2.573645855553428
2.623315855481494
2.712793851528294
2.746007927987368
2.811925542020726
2.820323370694098
2.832742358584878
2.838327055802333
2.869522289741501
2.885299309274861
3.023947423471425
3.038978114802847
3.121465615510344
3.131240808573040
3.161593510859053
3.187764070876480
4.214760778522241
4.229264081129885
4.285251665476973
4.308636158193167
4.564663091999492
4.573346543964727
4.617784613462190
4.750218131767031
4.919168760440726
4.955670659303471
5.018122704650962
5.023959916593967
5.051711049931583
5.061586581373871
5.093916072022250
5.136316449878769
5.142950273389187
5.149931708546846
5.363082536921116
5.381081673766392
5.613901377077119
5.633448375488304
6.958981592609044
7.068124547584069
7.075823550276483
7.449050448612927
7.478523989458846
7.489254913552312
7.522701366418829
7.528923518152033
7.537097073863377
7.569851228576955
7.585700666622745
7.594368230897919
7.614427895689676
7.724899746944909
7.775700915505379
7.928546242486308
8.312343806269464
8.324792775663889
8.333341079715561
8.373061326440526
8.385067694309644
8.390941407980588
8.426449517461309
9.032517024205896
9.112155031317215
9.132548394420345
9.145018785951617
9.252067845826575
9.822135793446567
9.846031238564322
9.860642007172871
9.885181877056613
9.894872819350491
9.900766067643540
9.919207156510662
9.981073130277091
