0.013800000000000
0.020961890476903
0.169461809312608
0.178380086314796
0.187672193701781
0.259880587814530
0.359112683807371
0.415170829354117
0.466172252214973
0.487546448738892
0.531017037233457
0.545807500098427
0.588905613271214
0.620247241343090
0.815710681332831
0.823725009410070
0.837851670491774
0.872654274837782
0.911494991080424
0.972417804676116
1.047107815320363
1.275908864046287
1.423867923935671
1.441515597621358
1.530312937858074
1.536647447524944
1.588819618929712
1.594276177869347
1.629361447606811
1.665507962357219
1.681544912305885
1.692927063206834
1.725702821664614
1.758773695482946
1.777745955190065
1.852832065255168
1.861560071287298
1.888127385128260
1.981775681771503
2.098286476053249
2.143058227489248
2.159687814487581
2.165235664951668
2.213459982329400
2.223410245794674
2.232911068600002
2.276738496678644
2.343658726139826
2.360053715416524
2.369173672512220
2.378738323961921
2.425556046333765
2.455083607912879
2.486901814764185
2.534254740147249
2.592536954959465
2.652065065868924
2.686637689589817
2.697436264597829
2.713569222242786
2.764957166600261
2.794204460871248
2.813944743585835
2.834057028891950
3.033210607876582
3.085785976766298
3.099782400455485
3.107993899725503
3.151143937875819
3.172081801542809
3.192576126266452
3.283045521759341
3.295169856756046
3.441056015130295
3.497685607899116
3.634296137330727
3.824891751520510
3.837476684091590
3.843148250431745
3.851833775622168
3.910606050643215
4.053039018331823
4.062003837996878
4.093010026332180
4.305702214863540
4.312216078181279
4.353792721928440
4.361747279118174
4.444703022804627
4.473406836723072
4.697593369779846
4.765437334301759
4.814124729487287
4.826522909784247
4.932528339708333
4.980160038476190
4.987995591293129
5.072387767545457
5.103512604404035
5.216369772909403
5.306249032450308
5.321619296533925
5.426832006325104
5.451569204802302
5.493352815765781
5.502213837118866
5.529960402171006
5.621703821255346
5.634649891398825
5.687794489403484
5.696854727780579
5.703468081677371
5.710522838819940
5.788579129265682
5.820689763462487
5.833321803356985
5.854900551901473
5.872246419266317
5.907949639137733
5.976183528514357
5.981985036234860
6.025532266959813
6.081974992137496
6.089795443890408
6.102116045178332
6.109806844685242
6.327165284291383
6.419846832240999
6.455731937775060
6.555101971970610
6.565730947651121
6.633014814296241
6.826425529808067
6.902092860139974
6.959980831766315
6.967164808776439
6.990757627012926
7.075026985106279
7.122415432879515
7.150624786085771
7.215869910859095
7.304522562397005
7.341371793837434
7.372177667364384
7.382912248514149
7.425381450249381
7.473755514702273
7.512824479264550
7.556094644459418
7.580661065274182
7.623098983568835
7.790709140872857
7.838306837177048
7.853089744386634
7.910317784380448
7.935133447107170
8.048776162032585
8.082410930396275
8.098996548383202
8.171107248262354
8.218640702880492
8.224571546302156
8.276575791200061
8.302632067700577
8.341323716238243
8.379127228776190
8.444709542628951
8.452905114358614
8.528939840367359
8.546986967228854
8.588438847534247
8.647423701756631
8.739142227882470
8.748881092179170
8.778407126100193
8.784103289904705
8.872049975013866
8.903673987509183
8.909935772444950
8.987199049342660
9.019207127571809
9.043608986681875
9.180747908691240
9.221583946035871
9.240295511078632
9.265874942789507
9.273473188353732
9.394689397222484
9.419894148200649
9.535180011961007
9.654067123616690
9.666310509442523
9.675408756388174
9.701194252224894
9.707383126750349
9.752575767577621
9.863648936669046
9.882774164116936
9.973885344286343
9.989748161333594
