0.054745144025833
0.062191698104996
0.155639525483662
0.177330582882118
0.225316173595097
0.239687176777873
0.409187927271851
0.414897839173163
0.469703918962134
0.516243701863428
0.522319405238984
0.529747213855128
0.534759713754188
0.547558281868627
0.554830508227608
0.559850968947883
0.565277209044564
0.637606928359217
0.779606943104671
0.818534232282562
0.875750727784178
0.884982613503435
0.891883070841047
0.896895570740107
0.903755369789139
0.987118310679232
0.992983158938953
1.024142704114910
1.030951141875813
1.073028471756061
1.080759571004668
1.086542492706409
1.127245228214957
1.136477999974526
1.142183488766737
1.437379053805827
1.445659002344429
1.638000046089082
1.643092882977742
1.649406680224000
1.671878426001682
1.720345417102115
1.732785562381371
1.908504949438024
1.952354198830429
1.978246524130449
1.984099412416127
2.097892064170506
2.104170483815571
2.109240261382263
2.114252761281322
2.124446579651296
2.145748238544170
2.161473200611495
2.167229151194800
2.209024856839839
2.215569000665952
2.238164789275890
2.243571406617249
2.248687884585214
2.268452067677402
2.274029156044787
2.371405392152337
2.379467759196046
2.384815670289314
2.426043978307128
2.486415357648267
2.497327171296394
2.506945615009636
2.517943223350460
2.522967472163509
2.618202303098258
2.635563875719118
2.676343953458489
2.703749503813442
2.718552551174724
2.809021240958529
2.814164113210565
2.853717778270182
2.873485190619137
2.878568153384723
2.912340466026748
3.032576963151005
3.044081718423558
3.068919124872697
3.085438267926487
3.392915823325900
3.515589598203557
3.536678767523896
3.556788818649563
3.639311763079823
3.649025717738238
3.676652455117421
3.695981271247629
3.708289125519786
3.729554681727183
3.912594535637521
4.134680543073297
4.146311932045708
4.214942204512538
4.236975044193479
4.347448375045550
4.359662650455594
4.364675150354652
4.426674519959288
4.432119699134031
4.705067720473495
4.714980730800049
4.842324962274603
4.848569190601260
4.875860757080391
4.881502190609991
4.887737070317352
4.942240108391283
4.947984465832994
4.968311647576960
4.988939742241924
5.256541290156998
5.277234320356750
5.282667333428509
5.353002942544613
5.358375507348108
5.363495073651976
5.377580113271701
5.678276858983019
5.686378137467226
5.693341284272653
5.702474929686831
5.713392239601140
5.719655243713010
5.725674825418436
5.737133951158600
5.744036750841284
6.495608258040574
6.501269377329653
6.530374188829391
6.535386688728449
6.544370290128103
6.550376836089746
6.588811431667068
6.786851556440540
6.825532410758376
6.857493932520446
6.866314721061745
6.914655716756040
6.949803829257468
7.146918309484110
7.168994772074886
7.174007271973946
7.179555881495479
7.188115467578833
7.194934226906713
7.215422241590550
7.256489664237457
7.262654085572200
7.267869417890278
7.309235220690117
7.317158689039299
7.322240908900356
7.334471144705597
7.449057493755440
7.487115515300370
7.951368822701152
8.035570799080704
8.153408814298547
8.173182847561568
8.182938140567453
8.215423576567364
8.358907877843658
8.413392796616511
8.423155082848806
8.431661255871498
8.440167428894190
8.446757655919788
8.451770155818849
8.457186265503969
8.499554560716801
8.507618630744556
8.512856779079669
8.548030621068818
8.556460038027128
8.577179916239693
8.696809860779849
8.701838323727731
8.768589573062917
8.783256656317297
8.821415717629103
8.829921890651795
8.880414066884473
8.915088167476222
9.075732255359615
9.083346494051705
9.089969489683897
9.113500967330900
9.118660423731466
9.266982765750528
9.271995265649588
9.583309591909739
9.661812472766400
9.676852277949706
