0.016730400307783
0.034322861068247
0.084255760022809
0.094987265814984
0.122053585425550
0.163531376157166
0.311541557680094
0.317207380028238
0.323827351895154
0.331098964006712
0.338171068210304
0.554110245331846
0.561151515880376
0.587036617187960
0.762635846690143
0.768234174543507
0.777378432896372
0.789011208193700
1.545718369699113
1.552488091831856
1.565425194308650
1.570518765708272
1.579195661458431
1.584305282630870
3.011499971039223
3.016937936565939
3.056187474822497
3.062212814314099
3.813676056968642
3.818935444521199
3.827307396994216
3.850376142446120
3.855433232652997
3.919036387701002
3.958161572547832
3.963211571697196
3.968261570846560
3.974002560817809
4.129281721936113
4.216426432736459
4.221812479858043
4.304785973683487
4.313687744182993
4.834746247535665
4.843486362418201
4.849877180861866
4.856732171748630
4.862046165812230
4.898425086280504
4.903819025205167
5.020390870224061
5.025819902694156
6.247549246603472
6.258405247612585
6.444779201906729
6.450779018983087
6.458214856752501
6.467563164930763
6.472787795308276
6.477837794457641
6.503680333742349
6.510724809306214
6.516123022673890
6.522123767980013
6.710593189551213
6.715643188700579
6.720693187849943
6.897279754156822
6.919328603116182
7.159324614204446
7.278263497642389
7.352200927197580
7.360931383033198
7.390282744994927
7.416750372734995
7.448797365197079
7.459041045912318
7.624533476219287
7.633125756213236
7.641762902963213
7.651839886070695
7.658050752362026
7.665974745079748
8.215186131369215
8.224743220378862
8.230794148499182
8.237421827289513
8.245826477839858
8.254062401512487
8.261425770780921
8.269431495126463
8.310233685692253
8.635627420050604
8.640729139174571
8.646339494434459
8.651698712254797
8.658497425249735
8.725196020098760
9.697821062826590
9.979124661032634
