0.013800000000000
0.018812499774469
0.055039669579234
0.060052169353703
0.310843427885887
0.445764370379413
0.464523378567891
0.470324319271265
0.476492798133503
0.481644384355948
0.486860935785024
0.498223815802860
0.503468068445253
0.511764159342033
0.516786024627837
0.524787267531365
0.530538083218329
0.545992100881693
0.551614587188712
1.270318750660652
1.275331250435120
1.280343750209589
1.286156010332642
1.372656278285509
1.378454527889452
1.432958835049007
1.555136659819385
1.560149159593853
1.569147506003072
1.575081783735949
1.610721185352232
1.616342725217442
1.622902827743567
1.677183475240816
1.693197171388640
1.702074754224594
1.707169006635492
1.723675269052536
1.728781952916625
1.874807501873456
1.891705922298397
1.982206869319611
1.988222490703758
1.993503259777587
2.219207759190785
2.234120854765338
2.365170600946594
2.416000615173843
2.422318220334578
2.428103689933375
2.436005778649544
2.453968597124247
2.535663704639624
2.586569901387113
2.594565424987544
2.613594824482960
2.665782982410076
2.670795482184544
2.716316689173652
2.726611472903055
2.731911266972266
2.737356043123638
2.823941931879016
2.866314812023385
2.875846904392484
2.924746745213067
2.929759244987536
2.934771744762005
2.967144517958852
3.024993038020097
3.041705449533785
3.046717949308253
3.305719053666785
3.578150548147550
3.583333655028335
3.629769598809136
3.945864890722036
3.953866145197652
3.985179246749573
3.990372552769583
4.033752227965339
4.038902494534816
4.047812619822565
4.146833060257402
4.151845560031870
4.156998510632322
4.333169494575700
4.338224281390755
4.347691523591275
4.539178207204386
4.613949427330252
4.621908257602367
4.629518629836970
4.635135545326079
4.643427304733197
4.653849899680361
4.660065715388737
4.720144567121952
4.725157066896421
4.731733930656797
4.829498742478336
4.836176446070040
4.845283867328895
4.907039310955846
4.915951061367086
4.921160031006364
4.926188893625972
5.047237011065137
5.052549779351827
5.324471307336364
5.330415983724603
5.338469488903171
5.362956732335340
5.385324356300044
5.414872319679660
5.420967422639134
5.503155981220099
5.545278537911337
5.550291037685804
5.557672317859965
5.616200115045352
5.697613128380913
5.853101890247406
5.863207851662232
5.934960924793645
5.943354566026796
5.950712915418960
5.958206229816494
5.963236900623870
6.432093908996372
6.479669882648238
6.486447502185793
6.491461167593868
6.520463517587676
6.525547841098183
6.530876209122216
6.544852353741632
6.549990612950063
6.556128251693664
6.615037563675870
6.698228822132591
6.705112668162716
6.710913222508966
6.718352574370776
6.723365074145245
6.752832846019364
6.757845345793831
6.763469753666698
6.769412715665321
6.776561264639924
6.783204046411119
6.836074411590143
6.845361733774533
6.975709405529840
6.985676679063567
7.106680135506044
7.114406033503996
7.450110023990963
7.575205247946949
7.582163027057272
7.590293827128092
7.663442953603059
7.670439030771617
8.081008286386689
8.089872930899539
8.095130771371810
8.128392069542986
8.134438336269630
8.172307748540330
8.215508321629217
8.283572210243660
8.288624356910008
8.293811981504394
8.336681199856713
8.346198104958303
8.414552772852510
8.877705460776584
8.883592055371686
8.888604555146154
8.932324120589952
8.937560801461924
8.943149358510789
8.948254016104654
8.953266515879122
8.959031351228029
8.969159711873383
8.974172211647851
8.992291621777445
9.022470759377397
9.181541916371252
9.189265489811028
9.194349626791460
9.227175972178186
9.643064368248671
9.663678366491396
9.678621551258614
9.960284220963084
9.965647045401088
9.973255410877529
9.978267910651999
