0.013800000000000
0.023490415788713
0.056572021160156
1.811525653755669
1.819980724974921
1.827214395256004
1.832279980533146
1.840831388609476
1.856051303274036
1.865607138182537
1.874179499488987
1.886023487846425
1.893864765604709
1.898914763529864
1.905480746455782
1.910561998658823
1.937135733232008
1.945660533998110
1.953712282186682
1.960419398647568
1.967597416882173
1.972647414807329
1.981675967971178
1.989312298820650
1.994956749698675
2.011477062726930
2.075328022574320
2.086181977473785
2.091231975398941
2.112782040014912
2.124534714105582
2.131275847717604
2.138050896746192
2.144533881988114
3.188795995141040
3.193845993066195
3.217775433678139
3.291154126842689
3.299440513136251
3.305444070076528
3.973314236806194
3.983095167702226
4.080909387500485
4.087242559074545
4.093177193494104
4.098268998895362
4.174751633140947
4.227611726659227
4.332203470132323
5.949573302476411
6.102523330076714
6.111499338238134
6.118729554230226
6.123805665842034
6.129484104388349
6.140551495294372
6.146150034796168
6.329907084671422
6.351772395563184
6.427352797714263
6.685952821506347
6.691020138457687
6.698632764997813
8.254502154894407
8.311146973051628
8.316196970976785
8.321246968901940
8.326299891369638
8.359432967178126
8.373166151478221
8.378398865904540
8.410350900376164
8.415424190304099
8.421343140911061
8.437893908525748
8.446963691476434
8.461872717933808
8.466922715858965
8.472275335957749
8.484466940542529
8.490797926701362
8.495847924626519
9.346239030633880
9.409940887101119
9.441589034856342
9.446808005523225
9.468223912689746
9.543234979394539
9.570207731652268
9.576605253186841
9.581851871692781
9.586993818985158
9.594725399812354
9.638433354741547
9.646328996183195
9.651474209243164
9.658612304172493
9.713158546032881
9.726726515906497
9.954647636951332
