0.029128028885286
0.113780064107282
0.191131120614220
0.209945317106679
0.218671549408384
0.225928937375074
0.320627379728322
0.331074021858586
0.337563666790520
0.360252739684744
0.365359565934914
0.371129927789187
0.379079174106509
0.535384905940382
0.616239225349055
0.635630304513647
0.655836991524518
0.780321372598313
6.171892008201030
6.247287422480054
6.296945110477582
6.306516256978827
6.313285855361141
6.332342910590468
6.348635052151002
6.366246690299207
6.380726504122521
6.391915546617713
6.431948555040280
6.455288538202518
6.468345762207343
6.504283801562967
6.522499443813722
6.530595797077831
6.558099946095929
6.563149945978264
6.578416706752321
6.619146663416264
6.723150925030944
6.768452464786522
6.778548316179594
6.785050124326490
6.792701950263440
6.825257897456287
6.866290492656308
6.876037298100536
6.923332119772185
6.929319860582587
6.937736617090428
6.943604579323779
6.951085215526422
6.978852015752873
7.021445800907633
7.028300415261739
7.054511783318012
7.062446152415559
7.080507634399869
7.086403207494126
7.091417607365912
7.273538687727220
7.278812727927422
7.301217604969279
7.307590528686958
7.314389057614854
7.319583874280348
7.353954514957324
7.751387227683023
7.758241417726674
7.785676874376780
7.814782470384075
7.822708332873687
7.871213343964000
8.898629285458693
8.906246002600888
8.921285986162905
8.926697621025108
8.941167138345564
8.950742299686880
8.983203592686580
9.106662493958440
9.115454696341981
9.130721532246019
9.135760412908857
9.145181010720535
9.166907284959313
9.179746013570877
9.186256936849368
9.227027884771537
9.233579817061402
9.243109292472116
9.419056895273105
9.438387341604852
9.444436144777686
9.653836047661501
9.689810610200256
9.720490509670284
9.786883411392182
9.794403192707327
9.890448387486536
9.897409042061497
