0.060776288071169
0.990995586054716
1.141613377672999
1.146776175617680
1.184624765935680
1.194940857867335
1.213453545436121
1.219196738337098
1.307061434886760
1.317714415428249
1.370806643865051
1.376282675139825
1.382968013203262
1.388018012192359
1.393442978284727
1.411508679369180
1.417581136449617
1.423081414836727
1.428131413825825
1.433468314675718
1.438821570724047
1.628469207618625
1.640648161189791
1.647354026853209
1.652404025842306
1.683611399242913
1.692325437019070
1.697569478934740
1.703242761035531
1.708831312517623
1.852046894119403
1.859123624316537
1.866072235443827
1.871151275646363
1.878793277719211
1.898150677152095
4.224833965503556
4.232582594248387
4.275703334905780
4.295776108494728
4.303612362509497
4.311807131339432
4.321757596810489
4.330180645383297
4.336295950362033
4.503692377139346
4.568603820285835
4.592596458281609
4.610531078099702
4.719278788436394
4.726997977301844
4.732953049705162
4.742521295540806
4.749722662582374
4.759396489474506
4.856805500125315
4.947432861958638
5.010159221503066
5.015434680239120
5.147882599333604
5.153746635076881
5.158887212619517
5.164032665940583
5.169478967500091
5.174571235318697
5.179752910748380
5.212944387741740
5.219299297635223
5.235198924615597
5.251098551595971
5.289719487221912
5.295675670487914
5.303250072668910
5.308927006893969
5.314069240008530
5.321076102248958
5.389242114652430
5.479484853378225
5.484660666607637
6.649102082672005
6.655213979218870
6.662233800309016
9.374239848925788
9.393598885545174
9.409498512525548
9.425398139505923
9.432880507710948
9.437990241688732
9.443440135003405
9.469374220590801
9.553225802136268
9.693489744286897
9.699408427104119
9.707994902909208
9.723894529889582
9.742706398059671
9.758606025040045
9.777966816647748
9.793866443628122
9.809766070608497
