0.098170465165683
0.107436219189206
0.131845994331560
0.179413069763217
0.261491761311752
0.268391270290445
0.292448986805876
0.351510023144764
0.382493431500840
0.408807260141340
0.415021398801123
0.720961929331485
1.020316921971457
1.161665487724399
1.254674589787840
1.273766261897987
1.438414595090193
1.553640542247720
1.562932090379507
1.577622203740705
2.107935811963038
2.165206137949785
2.218564625109673
2.389438771548041
2.574564790089717
2.649847252218910
2.777796894706449
2.792634730109484
2.974211508282391
3.023391308350581
3.032071841940096
3.073982465362513
3.146464488853482
3.267817938300334
3.299174929434322
3.345966656576775
3.418762163367929
3.474943464444322
3.572718836432386
3.588033846473708
3.593740381937850
3.765679476477291
3.773218143253798
3.788410408955615
3.822394220650470
3.898094131334723
3.910963155479254
4.121880926512358
4.169844629760773
4.212160747474761
4.315011583548977
4.325273143100664
4.474605875919913
4.491703694819795
4.669610588096394
4.755946476292563
4.794126279193816
4.843561201927416
4.855001953725423
5.340617787525214
5.384383718950021
5.564024088435492
5.633286843559159
6.292918522457387
6.347355845321243
6.435166180586673
6.533891517108893
6.724952679617847
6.841767662063330
6.859488897068916
6.876967051909734
6.925297884756777
7.016287591319272
7.028524972696818
7.053519560951619
7.084424630697378
7.125423448344358
7.222282354124596
7.237173697350628
7.620235937470189
7.637154286423919
7.648884623162048
8.115664672422493
8.132865014374481
8.157979387809400
8.174869701800166
8.253011207498499
8.464468907972265
8.619476229624906
8.625218797553275
8.669595159151960
8.689756552608221
8.710776563394731
9.023892112105500
9.367967816800855
9.477160410930328
9.626495140786558
9.703140161813391
9.712617931915011
9.765216018351685
