0.013800000000000
0.130851482839343
0.295249987775287
0.301005935717622
0.562115892816137
0.567173749218284
0.630857913567867
0.822878159723510
0.990730801306680
1.022275493416362
1.166083665925165
1.176821079785160
1.241472242406573
1.468023638422555
1.583208714855346
1.592038105950413
1.611023685055038
1.810883653818072
1.818597046445867
1.984834223792350
1.990030827634560
2.045815573325819
2.091618446073122
2.100673701262982
2.311224206275778
2.316829164216383
2.353493829144495
2.475597784221463
2.480722812802927
2.555989370912857
2.562291021852835
2.769121239877069
2.784964617185505
2.790984247699895
2.886184121357251
2.891914856981844
2.982580370033391
2.988458297895056
3.047736442929692
3.137555153907383
3.559956769848480
3.615741773795779
3.624817875229282
3.703303804406836
3.834288356706147
3.883085159837608
3.935588595585372
3.942501750130861
4.024488125380175
4.030991463031900
4.036867239065765
4.060714742180473
4.066579935783875
4.330717717635022
4.443318794391447
4.451381603228346
4.551061321948675
4.629491822089764
4.735398500074428
4.841827656046092
5.307611657572281
5.455309991827771
5.872047716159501
6.090812220075810
6.138789050813326
6.610229855003290
6.616064476081113
6.630461732642961
6.738261087233231
6.746279105141554
6.758621204915586
6.816039829863867
6.909609801623059
7.017785439809233
7.445641840053201
7.460309198133290
7.572530569102414
7.583091179919900
7.592590443355695
7.739265901742189
8.153274159830733
8.278793190075536
8.284043296529871
8.357804568965415
8.430215306150975
8.446669232219937
8.515313155323012
8.686493281139517
8.702045237143953
8.721238265986704
8.850470298627574
9.185127627167873
9.360284607461873
9.420823819096716
9.484839795942843
9.628893413486534
9.731415719218832
9.811433927648757
9.819874118046961
9.841310622924823
