0.010735530675492
0.016503612866437
0.022184137304730
0.027353207189921
0.335035157860748
0.378108072134558
0.385420459407084
0.393418423220745
0.442573537686473
0.455706873429535
0.502311232686450
0.507323732509460
0.557928098805433
0.626160611569490
0.639027489126598
0.645598219900245
0.707852106224516
0.712899048281842
0.772042372758560
0.917612837571692
0.927228347747741
0.932418616695201
0.992211931083002
1.014492689150301
1.022965904529979
1.085833727610216
1.126749039909119
1.165998146468207
1.171292448476625
1.224844046563711
1.317986135264593
1.323720897875831
1.328815945989603
1.336618799324938
1.424874437197222
1.678964815034963
1.683981051581385
1.689037391862368
1.715147725774307
1.842240028272090
2.035918243751246
2.080438918852890
2.085790474244877
2.094814895250737
2.099827395073747
2.106473791638456
2.113306826722876
2.118331305331743
2.124373560294488
2.129386060117498
2.161591720250971
2.166621278862932
2.173642515999165
2.180125274569844
2.186783990677278
2.193047846759508
2.226640641393340
2.232481341034417
2.240315778625862
2.247708650932240
2.252807848794394
2.259057482037848
2.264069981860859
2.269082481683869
2.528548259831517
2.535026143866951
2.540038643689962
2.647968866419206
2.671267261087956
2.676606921681169
2.686945928190468
2.696124148326504
2.705340506642195
2.711699281882404
2.930237192580217
2.935754428175439
3.283682820487530
3.294899604397112
3.300737442285055
3.305749942108065
3.312853034481069
3.318783509848322
3.463182054032664
3.470691452137920
3.485049770419643
4.032737265352329
4.046069650337929
4.053507863491784
4.060017120577251
4.253439022576543
4.299743344586894
4.306789178519927
4.311801678342937
4.511012939589480
4.518428111606450
4.567160177888809
4.678308823936822
4.892232378038629
4.901507701033195
4.958533604508681
5.150503300836893
5.387172545325552
5.424377727255357
5.430857629753784
5.435924573270418
5.492529450412450
5.952078960748545
6.029565885013078
6.035250294823197
6.084620535337635
6.089641213759335
6.096740070119193
6.101754776179312
6.107758298988617
6.162175857429362
6.167402587299131
6.174294810969629
6.181522333000179
6.186534832823188
6.191981602049414
6.240817926942811
6.245830426765822
6.436858841988641
6.450104814015680
6.505499193291784
6.512960253738212
6.581159618022731
6.590262911600890
6.645180263195466
6.684683869721198
6.689780986617807
6.694912396313673
6.718606530108520
6.832303969240155
6.880970291628895
6.886002461179219
6.903863148205259
6.911696900437433
6.971050700719904
7.013714405011441
7.151531329806429
7.156543829629440
7.183906363833826
7.225983071312204
7.233273330858005
7.238294114299117
7.247774357492462
7.294742368719089
7.345567121398638
7.514824699878882
7.524623478616977
7.531006025883799
7.555267367168804
7.560417318941221
7.569323592334656
7.575992765375124
7.588093855932360
7.647190247435326
7.740266193116213
7.745301819154633
7.750879116112251
7.775737657621798
7.781060644419163
7.847007785791611
8.209934913441385
8.223927977911682
8.242512286739064
8.247869877097132
8.264930686099145
8.274471465726398
8.325934102112070
8.331319468432554
8.339837254635988
8.349387803312263
8.482727974359920
8.488392372524958
8.493404872347970
8.684422609599800
8.692836291372290
8.697948067493407
8.702960567316417
9.031175733039184
9.040508232307284
9.122288295221697
9.140656876153404
9.145748653469655
9.259600700845636
9.282724591104300
9.361343415830245
9.366355915653257
9.375908599072678
9.412954789725953
9.612441555654717
9.637792133503542
9.677686248439818
9.689370043124653
9.705431916642539
9.859997192507523
9.865382832401430
9.893200272126599
