0.012154395219803
0.020665875588211
0.384296047026143
0.393841588993019
0.434882245869220
0.441993812836862
0.524250646518804
0.649712101983252
0.655371640746771
0.788893592708472
0.794244079481071
0.818834284172404
0.869301661626738
1.098021462952257
1.104375541844544
1.140456895222519
1.180319609124835
1.231118733097809
1.240900540630925
1.388851023725101
1.673987889108129
1.681856213274751
1.728843367025368
2.261340107794204
2.269706616261931
2.816061593210692
2.870134933553909
2.875228702303899
2.931444785658214
3.117803990666022
3.158030195656446
3.173736901492595
3.359926751226993
3.373705332314963
3.457432643590436
3.487564020627697
3.621765090494028
3.652833809091772
3.835215233958156
3.911393608993966
4.255685717436150
4.291016652679772
4.488078654018800
4.494773603299411
4.525860939493240
4.684370891914159
4.735282260241086
4.931726746065807
4.937871617669055
4.944545550218799
5.124641767503935
5.131294680456888
5.305120625691781
5.859075128031350
5.888623060515103
6.020221185686539
6.108036077152573
6.169196516196508
6.178874853730163
6.549293992435562
6.560790178497722
6.669539060147065
6.716887423182167
6.722582500906236
7.286705350070238
7.311525863468477
7.342088718263992
7.454191783331741
7.459924490299221
7.531303855326531
7.687063889959155
7.692740664692884
7.702211789642528
7.858437612852777
7.920229226246439
7.926009002495526
8.030489798420554
8.059525734257162
8.088078554456615
8.166384730830517
8.233148839626368
8.268142674673612
8.314764998737559
8.590733645192632
8.616499430860507
8.682917277680664
8.692348603085231
8.699756830839835
8.761938929289013
9.418458981800836
9.428821939941152
9.441774236272208
9.450412307282280
9.550836205073214
9.559098929512693
9.591897918192746
9.841551969043046
9.945450577482745
9.951184337367321
9.992638991859716
