0.024979660141209
0.031040463034018
0.040672182245556
0.048360432732365
0.053920476940187
0.059396059235723
0.114116827121078
0.122432902587553
0.176184885315669
0.181563310267831
0.210421353410096
0.216993270631865
0.225677029246300
0.230901667393210
0.237851324557546
0.257606184323027
0.263212841669277
0.333040814748253
0.338542107950112
0.343592107616296
0.351266958344979
0.356690073948358
0.362076942362293
0.369136776714937
0.378428410121861
0.500980751924247
0.532868431784373
0.537918431450556
0.544356780953328
0.550019293917215
4.101958691184353
6.337407373591767
6.346360284376558
6.371460990572303
6.388050036525574
6.415029082666211
6.672011503875297
6.756281715060879
6.770092600097221
6.789538552486293
6.817391035678610
6.822533503123530
6.830602909824544
6.839303948370194
6.849241036687737
6.854291036353921
6.873677667896910
6.964036807925812
7.482675231352103
7.487725231018287
7.496289046039521
7.505090404597375
7.510382874542025
7.535161592375654
7.541574275153974
7.546677211320035
7.552114199049521
7.558437299754948
7.582493924497872
7.587959128900915
7.719786902271867
7.725095681054230
7.731249226166504
7.746618312239895
7.752343968644314
7.758374098462929
7.766297226036525
7.793592893893324
8.075375651445697
8.081886928560136
8.106738604618350
8.164512096561040
8.171222266151927
8.180297409447569
8.185975625620930
8.191498900264630
8.295826708919533
8.304031183113626
8.318566134564982
8.323686348289723
8.377887997915130
8.384970302133686
8.390678380312778
8.420301683010400
8.433588031228552
8.443198335273868
8.450582191879644
8.455995131782410
8.487938497298030
8.501834356045020
8.510684009431262
8.518771640700173
8.524221766859387
8.610576874445567
8.616551388010020
9.642156417156974
9.672610374765947
9.708426289433053
9.975207665646762
9.983535730540265
