0.013800000000000
0.149784748067669
0.155311088744912
0.160323588119726
0.170189388135928
0.176193470827627
0.484385292188748
0.565237200526227
0.570733740763210
0.579083718497603
0.584513592215504
0.590005585963359
0.651925087249943
0.656937586624757
0.662744677641359
0.667759837950741
0.675368927975078
0.680381427349892
0.686107587523146
0.691193777054324
0.733472524279520
1.044516672533968
1.049595467461524
1.067028066376717
1.072165566828235
1.315869109342356
1.320881608717170
1.326411564256935
1.331437165089782
1.336504316527260
1.341516815902073
1.347663323821398
1.353164159470202
1.460849553901574
1.472430542019056
1.534125628124359
1.539138127499173
1.545420859412074
1.669752771117676
1.674765270492489
2.370860758986828
2.375873258361641
2.439001844070258
2.444821906119236
2.449834405494050
2.614437183884230
2.624221718905891
2.632973701131817
2.641838001954779
2.647928493120214
2.851160577394695
2.857246590112909
2.862938121810354
2.867975184777956
2.891944026074344
3.086028506568657
3.092942036400494
3.099329880873033
3.104793149834125
3.109865662402587
3.114878161777400
3.146286804230265
3.151517075390357
3.156640057821509
3.163071395614761
3.308509157654729
3.313521657029542
3.318534156404356
3.329133508024728
3.334499788233458
3.339523645497215
3.353781720136995
3.358967212445605
3.364718208471222
3.369730707846037
3.374743207220850
3.924633395687442
3.930070881422030
3.935082080254494
4.009600863974648
4.171863646827436
4.176876146202249
4.182382825562505
4.212218749429419
4.264118878759611
4.270452022989043
4.284735207501078
4.289747706875891
4.295691253259569
4.309134832608169
4.588363337485937
4.593847290779396
4.682132483142562
4.689798976173149
4.699256590005889
4.777476123471402
4.784310496746680
4.791219903477490
4.809582818663404
4.814860315975161
4.823045655508085
4.832133911587032
4.837144532072024
4.843966608374028
4.863461718970577
4.868474218345392
4.877485682261306
4.882498181636119
4.908471904401538
5.467957162053705
5.472969661428518
6.346253230696600
6.351973269736868
6.360032219398270
6.365582287937555
6.372164661567937
6.515503475399040
6.663465596345993
6.668504808386902
6.717094793997791
6.722112104527522
6.734625670934055
6.739730091891250
6.744742591266062
6.749814379562223
6.754936771890610
6.761323183362444
6.783543912833917
6.794130556683560
7.462717580608845
7.478005696687719
7.483343083078950
7.536371366005000
7.543300992534165
7.548884532811035
7.553897032185849
7.558909531560663
7.563922030935476
7.569789463804993
7.575880659541768
7.584344659955144
7.613302853129450
7.618565528037864
7.623586409583783
7.628611279104784
7.635192365180751
7.642020669699101
7.650781212132456
7.659373804632033
7.665561561712359
7.684477576673849
7.689490076048664
7.728292286219308
7.733304785594122
8.053998540250831
8.059011039625645
8.064677831847073
8.320819637949317
8.429444697785167
8.435909188158698
8.482590600487791
8.491695003761031
8.499983876475039
8.508187288761951
8.616589175291725
8.698309270515168
8.703593343016536
8.708673996872612
8.749148760416707
8.754283532594737
8.812085617086618
8.821736305292459
9.077334839591812
9.082347338966626
9.087529973462612
9.103232148362700
9.111672248393454
9.121261334840584
9.127221941876886
9.132904808632720
9.138297571480473
9.144879671923190
9.156008330294652
9.161020829669468
9.212129173653752
9.222815648597768
9.230088895964991
9.300977731407825
9.389107451691727
9.394119951066541
9.423471663846346
9.449575063311162
9.454587562685976
9.461111599712099
9.481597656992250
9.641564520018015
9.658021874947613
9.682895756121749
9.689625033339430
9.939341694411798
