0.018133976682287
0.128081360466748
0.172314578788932
0.188424914722559
0.221904608066377
0.374444984154162
0.426436341594801
0.659119491062098
0.784753853152727
0.820360022733127
0.984238325657607
1.140366209432215
1.187283758221055
1.345010726342436
1.390779939441007
1.584725150397472
1.711641202458175
2.031712834825195
2.237010534029854
2.264183747755594
2.436733671526779
2.448042274696011
2.489647365036747
2.555384896249163
2.589805432730410
2.625827663482402
2.780299105230681
2.830001895167755
2.893753593007264
3.039540379465560
3.143862427682154
3.272683591975051
3.510612907722575
3.621871013521486
3.654981425993371
3.670391282469991
3.957762200670774
4.109652759186635
4.266768150530083
4.426832562052323
4.470769429139930
5.132630510588794
5.164596557346428
5.339023620053826
5.445321418902541
5.476041849398675
5.563788122427283
5.625456587343877
5.829778986084057
5.884116959971903
6.154720899281921
6.175728985455851
6.287217592732178
6.388301895588019
6.514287946162853
6.534613123836844
6.718106701265611
6.740652622204844
6.747393965096275
6.906062967301994
6.957929312892023
7.049711174304828
7.107091890500067
7.297988453578926
7.453474528978846
7.476148960357175
7.531711359413328
7.867201052656043
7.941824934518054
7.955035260574693
8.018979228745575
8.107278093000756
8.136326564869613
8.343022369869578
8.389115908856136
8.441861695997767
8.446911695926058
8.457327739940256
8.462868842300594
8.642063372549453
8.754609084704958
8.761031342838860
8.786955542608515
8.816562826307367
8.905108858385612
9.018630624459769
9.028376138842097
9.108193035838672
9.153704529369872
9.159135876836379
9.241733112185795
9.265898029954558
9.383482814941091
9.438587916902341
9.539283179083913
9.577747303962115
9.690758185568471
9.746923980819648
9.816419965131963
9.876482837350933
