0.022507008721269
0.058814017442538
0.113338271755364
0.171704229340105
0.448534560788044
0.455215921231241
0.576421138989701
0.625986211521993
0.655352642037559
0.709600931952935
0.717955877270686
0.881200296304621
0.913426858132973
1.024590437165370
1.049883220840208
1.333826296640144
1.609828085612601
1.864681176204357
1.918844634850623
1.979430913432586
2.783763418604049
2.822662559088993
2.970266943118524
2.990779151740815
3.017108620636979
3.310564457483544
3.548745934593913
3.564586986186889
3.619458895889653
3.767158233475801
3.816141864973749
3.970871788346819
3.978705676416751
3.987128255452322
4.022819048213875
4.065619387784401
4.131930784612219
4.149044695643088
4.158653318678822
4.166001379641660
4.323747172677198
4.422017046949366
4.428115865265474
4.562372129587271
4.624754768390285
4.722533245989088
4.953608892396992
5.009769708134955
5.116585249930239
5.150078321999093
5.307688539419900
5.332649354485949
5.821769971845868
5.872423096556857
6.014802427963845
6.085110158186771
6.106005588563070
6.454350257650554
6.461073769420482
6.470322160220166
6.592629293970965
6.900016826468574
6.946346504848015
7.024108089982039
7.069207453970757
7.096107632066118
7.180286584883067
7.314607035700628
7.319995555509877
7.362212587685963
7.392051413288527
7.651727153665530
7.682082657785053
7.774124776269512
7.822930878301709
8.098259257796743
8.126985195215227
8.219922315198939
8.229678586622216
8.253028364684024
8.262127938239280
8.269499320866247
8.288674182880664
8.520645061039447
8.913883107611271
9.018668800184214
9.029944952653027
9.183283838379792
9.215308395842879
9.380508003020637
9.449936189091465
9.476257464284016
9.481649674154333
9.503952058977841
9.589551071214084
9.614902199784884
9.643680187194386
9.649012114528382
9.860963172271026
9.992925820587581
