0.013800000000000
0.108560785882806
0.114962284392001
0.210177699444417
0.412279791030563
0.420399828179139
0.485159308618826
0.490810338086626
0.705161364419761
0.758169676696606
0.831924423424872
0.849424901312233
0.914404275333664
1.247074365580595
1.261445119586967
1.299036956030679
1.319404857982984
1.512509725322361
1.656917471377253
1.717825969535070
1.752274769062935
1.938569724890226
2.075566932878789
2.172339006759556
2.179648489984214
2.423063267496560
2.525873922232674
2.714814750521171
2.728340902988749
2.818268159206787
2.912269631143455
3.062772182576735
3.103057456770275
3.133174932924942
3.323174175972699
3.386055909616412
3.463609953595852
3.471407767132550
3.520016459021043
3.626749800560482
3.638542522382815
3.702807425493938
3.710305358715875
3.890582402301918
4.152029026843397
4.167416854055762
4.364666882754788
4.369769788986607
4.590726431092196
4.610114158340031
4.616250102092780
4.745395614354590
4.790709940917783
5.019282872900591
5.037125252007038
5.050509309045305
5.114892280663600
5.132466360545298
5.301168528912198
5.330382401665496
5.387733787554279
5.432231092876290
5.808869978826370
5.951570682942375
5.970722892732065
6.089937227567614
6.331622299418469
6.790363906300860
6.809424168107841
6.888417841626201
7.010631391289439
7.146879977308339
7.282471308018191
7.433845457998643
7.439497836544913
7.463569713755730
7.786482521442814
7.842926672962643
7.850809458274139
7.888232959757017
7.994138249215557
8.166235336082687
8.176092392341230
8.368477487819964
8.624010418838628
8.630650723856434
8.643965848964521
8.813741592004433
8.927322668320560
9.034812764677305
9.136716413940556
9.212104926837874
9.353358400810956
9.410182728792050
9.467764763762016
9.594494316930490
9.707589246584543
9.873014396417803
9.886997189068175
9.982178551162381
