0.031594420049269
0.068255267754010
0.087868826281883
0.258676481777218
0.445628886221884
0.517072689188059
0.682478266106794
0.933371913385379
0.965806935761847
0.972619722954506
1.064204888920461
1.069333189885987
1.214878253974943
1.220154069552499
1.277733382816656
1.517213118554232
1.649895469023134
1.657373068287112
1.810074408675036
1.929540950954862
1.935192548825889
2.108997007445474
2.118658383839381
2.484517058912034
2.525770153084283
2.538037641826978
2.577902990003075
2.584339298068594
2.628031726538075
2.731041189404556
2.761875578608198
2.827914166024013
2.904926708938596
2.915998928172364
2.971874293313409
3.245342900741725
3.481381874754918
3.519312063837369
3.751120250654127
3.757696382840338
3.785527724237489
4.183077871161631
4.302568643168525
4.324980894244992
4.519493796313471
4.745570645317944
5.145424770281125
5.356517388518902
5.497718032295505
5.510395165970782
5.646504492581725
5.840030516163086
5.862287857254359
5.867945660713968
6.049650502311271
6.060102246572827
6.169845578439581
6.249728234881664
6.312009575141491
6.317151974190558
6.377525345691953
6.448551103352945
6.454312151863402
6.467029773258571
6.685084492935252
6.866021932321416
6.973733141103523
7.180300964689788
7.275180241083351
7.283465308218259
7.388287748672790
7.429266952013680
7.546827080120853
7.633503260759514
7.835924302556502
7.875187762222672
7.885434683091050
7.992834401944943
8.048524924385140
8.124341857130929
8.332657821495872
8.392318029838981
8.412306233000345
8.560814761560744
8.610864954904379
8.895752522589286
8.953563242204028
8.962855507177279
9.025023848040274
9.157070273172398
9.208993689427254
9.280443489533591
9.286936280936189
9.510426390999756
9.572587788577751
9.589371608598922
9.631021383597012
9.644755162719338
9.697758087958329
9.782286728257597
