0.013800000000000
0.159438711933890
0.214073005403211
0.253446626117372
0.340063425503670
0.465844994267712
0.487740192138149
0.506151758345561
0.594656564370549
0.631330721549272
0.673284637443867
0.902120879410567
0.907946756096128
1.177055980019518
1.279106152597682
1.327543909610645
1.365861119726896
1.503140085761211
1.539392111543599
1.575413668158937
1.725256420474555
1.829982768910696
2.194695022301041
2.220729677746912
2.331321771457795
2.480138061047118
2.820764892067720
2.829689788562833
2.855158183980330
3.160167394279239
3.217087723464169
3.241514491939573
3.393809383006317
3.509999042358478
3.655730710233334
3.756705670961434
3.776231976748078
3.873636636505192
3.988969840996834
4.138851212886077
4.192824875757347
4.456944873299697
4.643776863176178
4.648904382196942
4.794325237142880
4.878441584230472
4.891108018447921
4.960455500613620
5.034384717684513
5.222865918012542
5.419819223168754
5.477638278419891
5.526158456739539
5.668366162659567
5.820225882187536
5.975401407058625
5.981165349851616
6.013388073765223
6.028796654397457
6.036688220460093
6.046503540078259
6.154249933913095
6.176800900104846
6.372916649520095
6.455272762822962
6.754289022978537
6.847383985653975
7.078179147499352
7.110443609022109
7.311521652710964
7.320398846675747
7.433351239099217
7.544074598388934
7.559298184838700
7.574857345836590
7.709434087766897
7.756413879787782
8.046514288662800
8.153318608208536
8.164201651303818
8.183208507262824
8.265545144403697
8.478186688772233
8.486344677637723
8.652201767199156
8.665696029597218
8.673891037981122
8.776209017243659
8.942773267878120
9.009140380765077
9.085194018158273
9.170173639983563
9.216559465513750
9.376679564218549
9.593853134671782
9.721209802619439
9.750951273227125
9.818427947585642
9.867286356847412
9.981882262173093
