0.013800000000000
0.079051934327240
0.142262634075873
0.150516325064740
0.159263833947896
0.184374362020705
0.234597908870267
0.304808456004395
0.322257460800038
0.343912593162906
0.360920095628838
0.381052925685637
0.416589244005075
0.441446760191964
0.463184288617857
0.527891887377187
0.559138817056890
0.586111625457246
0.624812848316505
0.632164264826506
0.665286827074121
0.716131770343321
0.814181344486118
0.823846430160824
0.857665178131862
0.889053225138724
0.925753705829025
1.023859061011834
1.079618519376411
1.126217936026119
1.163188437863814
1.223147581322638
1.323942142657417
1.346090608066918
1.465920338968059
1.474161724859943
1.511075272637298
1.547661859082581
1.586686567960996
1.752083429893593
1.849991249728593
1.919035923002466
1.980780291704446
2.025534984700952
2.046780583958848
2.101630548235681
2.121608142560149
2.157686787214721
2.248350581260179
2.264753864784313
2.284010555646642
2.410595317406374
2.428641359463513
2.505260088797146
2.547845636688420
2.576716896493317
2.653894348186545
2.672125167816521
2.752278977834666
2.786584163610009
2.793484442877261
2.868690936970092
2.933219761491038
2.953997649973212
3.078680254813621
3.166096276153500
3.241190468051603
3.297612662739952
3.319685223766908
3.336298266641442
3.346277132884871
3.428587732245147
3.492517938129326
3.539086140214735
3.569746857413662
3.627315544834482
3.658222334275472
3.725481521497273
3.765012105173270
3.831186694349352
3.886782901345460
3.957625551572109
3.971639563886571
3.977817175589053
4.068799073856372
4.133360723594962
4.178917542410247
4.190267950176169
4.221322691457512
4.267317103118857
4.292484237512348
4.354941437819402
4.379014261345891
4.426388780125844
4.457883651542079
4.509888977184755
4.550135860523360
4.618462582231972
4.635951295190927
4.697149600012226
4.753403147977419
4.826906299987913
4.956983343275566
4.970786117313995
4.993267107756669
5.031326509037032
5.078602980091000
5.220796735095750
5.251175419226628
5.350886829329071
5.419459374428544
5.491881876371850
5.547115490635521
5.620533946525275
5.690670042879698
5.757388160876540
5.792343429117170
5.861629680719153
5.873770965128137
5.917107233393901
5.934116838977658
5.990778628649855
6.038296129267057
6.115408313696322
6.152387370848955
6.227161655389606
6.245365768631289
6.296297076041923
6.335974755365375
6.356704706030038
6.382363720140804
6.441138956557248
6.504000664132597
6.524990746986766
6.548565089074039
6.583280251003141
6.621787561800088
6.669027872299383
6.674981332404573
6.697035175527478
6.794766475447017
6.833612553979719
6.852571109023190
6.872188543518145
6.907669778137368
6.941964097835259
7.028791514483903
7.053186570237493
7.102162578163493
7.166236073048117
7.190292369020136
7.278298836423322
7.288680570480409
7.344395235810629
7.387266531766508
7.480128859583910
7.533874294190096
7.592272329004601
7.634208116832964
7.726136575870218
7.770906866285967
7.909587155880026
8.026205430264257
8.049994176709816
8.115712912780580
8.131012987115712
8.152611639577053
8.178180954245661
8.259234447825099
8.283736744753574
8.362426573167738
8.413930473525355
8.421952122419622
8.427340443393128
8.517984166154887
8.523590214620967
8.554320932247713
8.584191164873216
8.695325408926509
8.744032645984966
8.889754852551507
8.912715046484147
8.945956747894098
8.974725915121212
9.033652882731651
9.049322839485439
9.244211030602951
9.267335645673990
9.340852086637581
9.465971497761350
9.505436471073297
9.542241722695369
9.559090248557355
9.644571173924543
9.652623088629168
9.691736157344335
9.706395083377393
9.753392245413993
9.911036167492982
9.963219647905607
