0.024448206283028
0.186676056397838
0.213451235325300
0.219366529393773
0.233525849973682
0.377077807558846
0.392354396952119
0.474073734855322
0.552518124660154
0.765473802856253
0.827386875346838
0.856860387973224
0.898770040316073
0.948645968983672
1.024295955026994
1.030510572872263
1.038760210558581
1.127425970018558
1.132475969274108
1.556446489218581
1.985374856684016
2.030650226958899
2.059612038730306
2.106262019494164
2.176252300310539
2.184165856612724
2.218092187998368
2.295824404480972
2.300888847721932
2.837162959649493
2.881069599233245
3.084683982654499
3.238333095073855
3.361019405252502
3.635664381764187
3.660972903121908
3.666045706601933
3.671869542106483
3.676983012934803
4.186153233945054
4.265121378881038
4.286632318048555
4.341275294936850
4.348275808868308
4.355424573968230
4.360479495622403
4.477182270391507
4.494528048282306
4.519747539586583
4.588316266236797
4.781776506306692
4.860359031427917
4.946677068829604
4.967889549374998
5.172758332386617
5.177808331642168
5.186226454743215
5.233994986823119
5.331883232590568
5.534203363896170
5.556748502467365
5.589407158367578
6.038178693904462
6.219824590899912
6.665980721979847
6.788785575848951
6.912300836983580
6.951800657006000
6.964559405616912
7.026957177031354
7.033587960649561
7.433856438833840
7.459388393014893
7.507142106859050
7.661850302367289
7.814005048996340
7.941533124476217
7.950682822232880
8.173730747881537
8.178780747137088
8.187735625745464
8.211655216777737
8.573813026645240
8.579388602256845
9.141207969553323
9.146257968808875
9.155330084526408
9.161298191825944
9.234424262164474
9.499157963899830
9.504207963155380
9.512395369433252
9.650956650251299
9.749791291452011
9.765574863238010
9.771487386238192
9.814291055663123
9.830895522921329
9.836705907544566
9.842789933923560
