0.010066294934018
0.016475031701604
0.180068650701295
0.188939327663828
0.193959046549946
0.318913701911707
0.325738780098062
0.333204718118862
0.440531756451291
0.849753863463199
0.854766363103836
0.896781525522274
0.904809667705712
0.909822167346349
0.914835333138263
0.919847832778900
0.924861947761370
0.929916574339228
0.934929073979865
0.939948668792739
0.945906558189745
0.950919057830382
0.955947618071939
1.009036783243502
1.014049282884139
1.099370961895283
1.182889450406406
1.313260808035812
1.375063475431206
1.390475774069342
1.458406021742388
1.466130809476139
1.474959554560394
1.549904440671032
2.166137877353271
2.172569056104536
2.287992972113994
2.304501068301160
2.439767359159577
2.449759004800718
2.457042904852303
2.466940329929283
2.472200944733537
2.477213444374174
2.482225944014810
2.487327056202212
2.492339555842849
2.497352055483486
2.504204570271707
2.521665791285086
2.590555139085586
2.610212494139068
2.740000959937210
2.746055391533234
2.897792067031181
2.961163089085198
2.967815721428907
2.972828221069545
3.126961409470160
3.131973909110798
3.136986408751434
3.274773249262212
3.279785748902849
3.286109079484937
3.292135932905420
3.297819721878100
3.305431471388187
3.329366855621805
3.381602954738716
3.387072743672336
3.393101892010292
3.422107999535464
3.429763832348104
3.438323920782091
3.458419115025615
3.530180848126244
3.551201676721102
3.557722483321626
3.584408189582722
3.590725132993178
3.613380367543699
3.618514949576853
3.625749017094376
3.663730775029109
3.715965101339056
3.773115181712298
3.780251490789426
3.785385927282237
3.792809313779505
3.829880887722870
3.911708859311571
3.946985684133734
3.976364312621249
4.121980836972777
4.126993336613415
4.132020143144919
4.184454933848969
4.190093836963730
4.331252481004602
4.336264980645240
4.341277480285877
4.415078713431615
4.420472362276898
4.426936597059521
4.431949096700158
4.478654428716945
4.490376705858681
4.547859426805871
5.135375039223050
5.154357631652243
5.164100328271244
5.279389328716436
5.284401828357074
5.289655213936438
5.295594194956842
5.305171150009658
5.310539306453888
5.364767658615081
5.514333073506583
5.519345573147220
5.528655475459122
5.672233131201960
5.679018660964591
5.750883720524707
5.812222589200025
5.827330516380556
5.872370228708807
5.941625811063417
5.975299345021509
6.017602347999124
6.061610850290997
6.078755982717485
6.087703090045311
6.096318829763892
6.142987803411078
6.289603486320443
6.362360635349323
6.628276852144761
6.872422113098069
7.064225497711437
7.072843763597884
7.080483650496738
7.156687612496989
7.169885998094922
7.182368894845482
7.268232438457460
7.274310423733628
7.777981855158709
7.820303839773759
7.855690674506962
7.860746601790538
7.866941694164698
7.872775974898957
7.990456562921580
8.040514111140977
8.045526610781616
8.110319348076988
8.117753351217099
8.126025200741527
8.474442367339503
8.483564068164345
8.489873506000613
8.531658843803616
8.539204750172598
8.558116765211347
8.661160892052793
8.666982950344531
8.680703060918338
8.694912812442583
8.718073959569738
8.723563584967325
8.791302469139600
9.021440597947040
9.026602410700523
9.080121037740051
9.085133537380690
9.093157707332017
9.098170206972656
9.175170494439064
9.291094240259682
9.300665577798203
9.305768044811508
9.381389343487678
9.387500257548991
9.392959366633514
9.440802715102844
9.546424352330876
9.648603263052182
9.674569580026150
9.688397815489630
9.792502610294225
9.914168058753820
9.921520009642052
9.944411772213181
9.949438843215150
9.954451342855789
9.959878424521051
9.966764901740380
9.977286343392914
9.987876403451523
