0.068574235968151
0.076862073718977
0.150948471936302
0.230500429354468
0.235512928426926
0.240525427499384
0.254668515207557
0.259881718167354
0.264894217239812
0.272651923834112
0.277664422906570
0.306790392347321
0.313329368894980
0.896000464471648
0.911437818275853
0.916450317348311
0.922792729863898
0.930518171966552
1.132528970046778
1.166391094538784
1.180796994424228
1.185809493496686
1.190821992569144
1.224599937946434
1.254310901573276
1.708213104386288
1.713225603458746
1.732623098118934
2.169144240473563
2.174156739546021
2.179169238618479
2.184181737690937
2.189194236763395
2.194206735835853
2.212699819633435
2.217712318705892
2.222858579418916
2.228031865733311
2.233744885175933
2.356190421777224
2.361202920849682
2.475647364422548
2.494954288452774
2.509863897397251
2.514909166201507
2.522684062989279
2.548932302642450
2.564395701824421
2.583757703627385
2.590524538506838
2.983876035517459
2.988888534589917
2.994415024965718
3.020632196700776
3.086323845460992
3.101637095007387
3.106998307421937
3.119130563113008
3.127233700454056
3.132246199526515
3.218653832653850
3.351374972572625
3.356526490953043
3.361538990025501
3.829479470420529
3.834491969492987
3.839533722952956
3.844546222025414
3.849558721097872
3.854571220170330
3.859583719242789
3.869001985195140
3.874151080669153
3.879163579741612
3.884676864677996
3.891666081392150
3.896859018332323
3.901871517404782
3.907159154373840
3.918123103877226
3.923135602949685
4.014953110004802
4.024191787515488
4.029205825430855
4.034218324503314
4.039230823575772
4.055805467427112
4.060967998931788
4.065980498004246
4.070992997076704
4.076005496149163
4.081181972780451
4.291384329672368
4.296396828744827
4.301409327817286
4.306421826889745
4.325692186925542
4.330704685998001
4.336135930241386
4.342214962247439
4.347227461319898
4.354177198996888
4.359189698069346
4.381089894832546
4.415211494294963
4.420223993367422
4.615322495940078
4.621557679872204
4.626570178944662
4.648093216209324
4.718967432565222
4.724018653278105
4.729175155512229
4.734950613199986
4.755252884329220
4.760265383401678
4.765918088672730
4.770930587745188
4.866575278379794
4.887987180488671
4.917546010792182
4.923124680571350
4.928137179643808
4.934503933128973
5.263587539770259
5.281063517377477
5.286114185162851
5.309450834466494
5.580937992449254
5.610282642975601
5.615328488562653
5.620340987635110
5.625421346471894
5.706395964267437
5.711408463339895
5.717260619149273
5.725016816360582
5.730375040767344
5.735893490934902
5.952400879094734
5.957413378167192
6.584887819504224
6.589900318576682
6.786470467648606
6.823040626725970
6.830384927824520
6.878881962133658
6.884274370003264
6.978169151080250
7.127548332165542
7.190496810340410
7.212883694422270
7.218541617104353
7.233908592658627
7.239224923220497
7.376630002616016
7.382204998523979
7.387393898160004
7.393729077294271
7.408924802566177
7.414128575363124
7.421114288919018
7.430984261372802
8.109496434141793
8.114508933214251
8.137556370842370
8.142568869914829
8.291499208607112
8.383544373092942
8.764842235160881
8.769854734233339
8.775572054285197
8.787668714257441
8.793089325583205
8.810660551096786
8.971421575118946
9.051100730247565
9.056290966612433
9.071416071643888
9.089025234739276
9.189122016576315
9.194134515648773
9.759360854038936
9.764373353111395
9.786847937798248
9.791860436870707
9.809675940772943
9.814841185116826
9.821482053445886
9.844628954732034
9.851510183858908
9.859906971930240
9.864919471002697
9.869931970075156
9.893078871361304
9.916225772647453
9.926869315454541
9.934996923308566
9.949758952336753
9.960682560994837
