0.029728220363296
0.040504936342863
0.262169230705179
0.277441585709371
0.290352868099324
0.325350433143065
0.338104160905616
0.347531046984779
0.373652494368874
0.758552215853024
0.782653208263085
0.813609528196776
0.819911764721470
0.828210129982853
1.533439797522501
1.569962701954426
2.018580416619706
2.168996303972862
2.229923979029349
2.242890968938631
2.248248886623375
2.330501214121850
2.342287142862041
2.414935354387778
2.583638576926630
2.611501046801318
2.625336675375042
2.858122285446398
2.911474721949523
2.922660511763642
3.055690360656563
3.114451314334370
3.120649379964534
3.177810113096191
3.214654966547339
3.283789198601721
3.298896448582463
3.313384841547457
3.320146854938518
3.329096790822426
4.694166943674022
4.708806324418633
4.732615169733794
4.747249935376644
4.771646647822653
4.923282273075282
4.933698804956009
4.948103891886389
4.967187624847024
5.113438538163331
5.427772436576635
5.433557290150420
5.440098993515963
5.540369264359534
5.660134825169246
5.681305905284577
5.695042392574482
6.012808121317717
6.019048394607283
6.438222559071728
6.583728587722375
6.589673827056581
6.631020584308736
6.701645427416645
8.013448007889576
8.077952963801213
8.147644422792883
8.379266501677348
8.385163579799116
8.448206680585738
8.574948788689115
8.591530010537463
8.615020431896205
8.727151056978107
8.763466133305899
8.784255573074921
8.814825884389702
8.900960900478751
8.925151739834110
9.035744561843652
9.060918759792878
9.073340554554006
9.113882182853793
9.184966072801130
9.260465208140515
9.293287315605577
9.314354083783858
9.522609227195627
9.529648242579611
9.543142717661196
9.550489145947939
9.659229463759369
9.676906910066084
9.688685221367786
9.787994962825447
9.824410473823194
9.848485981145743
9.907023613863778
9.934805179429583
9.972506419583032
