0.034093329682261
0.091364831822478
0.161129862122511
0.327264155917365
0.340003718483159
0.436850671985108
0.459575342939956
0.528835770076744
0.577858294328800
0.608984645787537
0.623882855271682
0.638568054728935
0.661078937951331
0.668748683115470
0.674183649728150
0.733444177018546
0.742123349358437
0.762212227733262
0.767850293205989
0.810612444801103
0.835457414812797
0.843512355683606
0.898712380855016
0.907651512158930
1.029836117662262
1.065916995593851
1.131821498654094
1.218680516459567
1.324507406979875
1.335332333135762
1.350475161467450
1.357466884128389
1.376953010322967
1.531559014376593
1.538219581882346
1.553814187081739
1.633350909420016
1.640453993675123
1.752170673082922
1.783181471212040
1.841393512004819
1.869427167631444
2.098370600758360
2.108284629734345
2.292210650887082
2.319645299212036
2.366282279014940
2.513039798835247
2.614111214440524
2.620028548305672
2.641497607602140
2.665064215090639
2.824447544848257
2.903519196724764
2.919312817844791
2.924430924826771
2.966085121160758
2.974102416469524
3.012407526201946
3.068445898202135
3.082603884245953
3.098764596889128
3.181465441248072
3.226513692201753
3.232368008741858
3.363559750876101
3.370708967427988
3.385706154187407
3.440415922172276
3.488454919285549
3.495340214724497
3.565737063039706
3.577207981745563
3.583858850764936
3.641521068424270
3.662914697210050
3.670085477997747
3.684514802549656
3.728214966074262
3.813111190360324
3.913458761363198
4.011646782960584
4.023855426810087
4.124785041873910
4.141538604774398
4.438809112114095
4.578404341632043
4.738092313366199
4.760994128382723
4.840729129811217
4.872985592028563
4.881312881342851
4.901380314764941
4.921036826746242
4.938680240540943
4.958252976001178
5.042090383280035
5.088349965821728
5.103647799352817
5.176901485497442
5.246997618649250
5.252453923820964
5.270050119641898
5.279475253941581
5.307193996431714
5.334483877467191
5.358585524874597
5.388458197194376
5.431463597615655
5.444724134635782
5.451973670734331
5.504716974180220
5.547619071852202
5.776397991705457
5.783209275449964
5.825292304493240
5.847906316865047
5.908330988493431
5.915640638955900
5.945293331311801
5.971598098474871
6.033353960510437
6.080254255461145
6.090696261013336
6.173970461421472
6.187005232844679
6.211980656761206
6.287545300581520
6.322960136881635
6.345109808381895
6.419475022438340
6.473378487536323
6.484783383519131
6.532671741970307
6.579189912108532
6.631387019943231
6.644146849436916
6.651603541313302
6.756839283328779
6.941510987156458
6.981053095218550
7.012656143938757
7.104839961226740
7.140735552170436
7.194510645064224
7.217457306306712
7.253642500127582
7.378022647753828
7.387169807501068
7.430423529045518
7.475444954360416
7.486624569066456
7.497609092368134
7.505151421380424
7.511904797587013
7.574472006264257
7.609944854287787
7.630470239884577
7.646378593299943
7.654452117668981
7.675736523348112
7.713571628038565
7.854343556707359
7.900079654626060
8.086994229471671
8.154973115711677
8.178016275099971
8.238219797734567
8.540756617846466
8.754874190572188
8.817552562623955
8.841069196886547
8.859698660242678
8.879641251477837
8.909616443770338
8.915913176228102
8.934913797261663
8.991985870913247
9.040303188866430
9.047615080668031
9.052953533583446
9.157120679889472
9.183713605529579
9.261100882236208
9.390649650497576
9.477924320572020
9.517765501454317
9.576320870857664
9.583619196744506
9.647618683827778
9.661751753107930
9.679217926404094
9.709646976293177
9.726416396018948
9.738996663096508
9.754246248152317
9.823802630629844
9.875686822305081
9.884668280103291
9.918491696965930
