0.092087501674365
0.101010101010101
0.188220202020202
0.303030303030304
0.390240404040405
0.505050505050506
0.592260606060607
0.707070707070709
0.794280808080810
0.909090909090911
1.010101010101012
1.111111111111114
1.212121212121215
1.313131313131316
1.414141414141418
1.515151515151519
1.616161616161620
1.717171717171722
1.818181818181823
1.919191919191924
2.020202020202025
2.121212121212126
2.222222222222228
2.323232323232329
2.424242424242430
2.525252525252531
2.626262626262633
2.727272727272734
2.828282828282835
2.929292929292937
3.030303030303037
3.131313131313139
3.232323232323240
3.333333333333341
3.434343434343443
3.535353535353544
3.636363636363646
3.737373737373747
3.838383838383848
3.939393939393949
4.040404040404050
4.141414141414151
4.242424242424252
4.343434343434352
4.444444444444454
4.545454545454554
4.646464646464655
4.747474747474756
4.848484848484857
4.949494949494958
5.050505050505059
5.151515151515159
5.252525252525260
5.353535353535362
5.454545454545462
5.555555555555562
5.656565656565663
5.757575757575765
5.858585858585865
5.959595959595966
6.060606060606066
6.161616161616168
6.262626262626268
6.363636363636369
6.464646464646470
6.565656565656571
6.666666666666671
6.767676767676773
6.868686868686873
6.969696969696974
7.070707070707075
7.171717171717176
7.272727272727276
7.373737373737378
7.474747474747478
7.575757575757579
7.676767676767680
7.777777777777781
7.878787878787882
7.979797979797983
8.080808080808083
8.181818181818185
8.282828282828286
8.383838383838388
8.484848484848488
8.585858585858588
8.686868686868689
8.787878787878791
8.888888888888891
8.989898989898991
9.090909090909093
9.191919191919194
9.292929292929294
9.393939393939394
9.494949494949497
9.609759595959598
9.667115096987843
9.696969696969697
9.811779797979799
9.898989898989900
