0.024361467445317
0.066686298109909
0.131961616211612
0.186891183383890
0.248858722656934
0.271964083191770
0.277766176812997
0.356875471785237
0.419359515114315
0.429552020972923
0.493628760988928
0.577802866700932
0.647358306303531
0.657744971042983
0.731644841598543
0.824261135284298
0.876770879127501
0.907726386538117
0.985407160734987
1.018880470926129
1.078127367790804
1.127840660506182
1.174665658081300
1.212957784891084
1.230811981512756
1.347956611191142
1.428900405728355
1.448924894889400
1.523677751258481
1.545307158452034
1.575940124577432
1.586078037353333
1.620575454919032
1.629490867978668
1.738513371774674
1.813216861642018
1.848779559780234
1.863185714123105
1.904725448939282
1.948281660907964
2.027535825108381
2.154246130043042
2.274610108542138
2.351139050150298
2.372333087794865
2.430386885566943
2.521350046348158
2.549303210289807
2.571620482104688
2.654065299386185
2.666131025466297
2.711135197265312
2.753364523695475
2.780646062795908
2.788263143435375
2.853949029202609
2.932181963856496
2.953826608394339
3.047474720042759
3.071597612528739
3.080310059545235
3.096080419078950
3.134514699153160
3.143644510145528
3.208806295217860
3.278048547310542
3.327665735438674
3.393961680044838
3.427138593279812
3.486926498134415
3.514272242985852
3.616181028997715
3.648130205061436
3.715891931005944
3.755559025595661
3.809788133553146
3.828047050251995
3.886974909934381
3.991201284657742
4.070245222072391
4.119840470822707
4.131401106435014
4.223149854959887
4.297385876888145
4.331295152704822
4.388190904366772
4.394338111758005
4.429311273317033
4.500308740709655
4.565648015590538
4.610157671777814
4.669644733143299
4.691411681879658
4.824484016996335
4.854372007808841
4.875255163728086
4.900221245022416
4.919716777640283
4.934612291204782
4.959280878276363
4.981826518202988
5.011623124381297
5.047411314557898
5.083996758110694
5.149994277212214
5.162322245735296
5.193435463321724
5.216537953167371
5.232811024063928
5.288303513107264
5.324394565082289
5.350503334154918
5.369290432261629
5.418528405888786
5.468160741502709
5.488812653096270
5.510572349288884
5.581539629091160
5.760734777880420
5.785282722820714
5.869672538671370
5.918998979733201
6.020530318835990
6.046809513955172
6.072674526675240
6.093903634335759
6.148135256549359
6.189007597231277
6.227235009619578
6.332193805572873
6.357160947568535
6.413839734417706
6.448381582309572
6.507225832399975
6.583293596584016
6.617778556441697
6.680512913041024
6.715444471059193
6.734047784838627
6.823136406224568
6.852212005065851
6.993859756269761
7.046845762069932
7.053259176750699
7.122214396815377
7.217657809018931
7.239269946145049
7.325276485696782
7.445276405169509
7.505573940812175
7.613941328898155
7.646558697867487
7.687849472609888
7.831862580810109
7.846659682671576
7.896043519733356
7.987260986926362
8.042213825020216
8.049135575010752
8.182609874562191
8.189459608027180
8.223054236524723
8.321553942124066
8.338098183451146
8.372361957971856
8.421363340383254
8.448416384249885
8.484345834873379
8.529707367004635
8.550625005107824
8.638591917678488
8.652390184646649
8.698437922124853
8.751391763706732
8.782402860505925
8.859296017273827
8.912989257817589
8.984494716162377
9.031861963383673
9.079266383678405
9.183035348286117
9.227131875295466
9.276395781938472
9.292177876461508
9.359148754559920
9.417647682686118
9.448639487443753
9.482883416918373
9.493898584395735
9.545373155133948
9.576598035324700
9.615344706311831
9.676868987419343
9.692626052512516
9.701064011718932
9.828416072577467
9.858058534071761
9.917071286497508
9.945825889872911
9.971776859860784
