0.033245104633233
0.138395240681503
0.143445240162356
0.150574977366812
0.163884083333623
0.170374279599502
0.359899494730604
0.379822967714144
0.417986729110486
0.445170237532736
0.450329302078394
0.455379301559247
0.476515596370969
0.896987377231785
0.954937634856813
1.114605740480151
1.120989283186235
1.126141080846075
1.362552112615266
1.385555433656319
1.390802742068408
1.589610548058842
1.638179346139675
1.865597831998003
1.890561347056469
1.911470833810911
2.086512563953359
2.111594008148580
2.119555286768513
2.127727225754835
2.155269415075245
2.163962130187010
2.373399735588525
2.842531055970636
2.853738376794158
3.040016529935781
3.045233685510704
3.052043185351799
3.057763323714243
3.062905548202000
3.130296664545888
3.139889055447194
3.670551686411849
3.719876092034900
4.053820069753895
4.061501099959011
4.298897289526406
4.327063755001939
4.340321218274614
4.348480176929338
4.655684905858224
4.662388535786450
4.965679577668610
4.970729577149464
5.082498328441451
5.110057752847719
5.115467245803428
5.187319540899188
5.864607430704631
5.935564591436981
5.944491844259591
5.956025006877533
5.964904639313971
5.991597846620579
6.016876436111453
6.094032251698692
6.145259344252977
6.234586860324612
6.239667312736801
6.246989408004234
6.258976658098319
6.264034195709221
6.389699561514300
6.409293550883470
6.466454343651682
6.614869844054128
6.685435783569009
6.694132593742471
6.722290793820654
6.727510089916879
7.344319529202371
7.352762246042635
7.358013392406960
7.477680504014965
7.773511323325827
7.780847541466374
7.786681564658339
8.463016686706746
8.584090688597637
8.616036566706892
8.642204026992761
8.963489856439116
9.050840195756123
9.173689782465217
9.181731476247155
9.219173949126127
9.248544983722356
9.707501765915499
9.939728580459992
9.990362759894392
