0.012305109578878
0.023325651607461
0.056121889476662
0.193504248791208
0.232628158189128
0.546490657483352
0.574212729922966
0.593361198859437
0.666668916873021
0.814399302541312
0.821915077710946
0.883818605430025
0.925154964984279
1.127009369827961
1.132932247650513
1.224009181958934
1.231521301453505
1.280676595551290
1.430611150111653
1.435754880978159
1.456696358137094
1.542187597739950
1.547914132848685
1.811006053454371
1.890403311714605
2.010531938505059
2.166390750241276
2.179836529869168
2.415163547821701
2.425111021714838
2.430181400573451
2.491705519429636
2.669536847660944
2.837503938395515
3.040572498396300
3.071365680473021
3.165845551764725
3.174195518630016
3.269960769709625
3.351577265716137
3.430380461010244
3.767674405230097
4.058947445066147
4.222016384907223
4.251979766412758
4.326445728033285
4.429869710805018
4.439140464681086
4.592462371608995
4.618187507566766
4.694993032033409
4.744363438509428
4.772105303668388
4.959189054372166
5.185975788561581
5.327024515931293
5.332563335295646
5.504285129551866
5.513394030489475
5.756683817620037
5.792822097188196
6.082936603336717
6.097129126732837
6.139796062021163
6.145849704932196
6.224418065306520
6.361308240412474
6.524031995766401
6.703671365299676
6.851666400771887
6.925746223871454
6.934783319533427
7.041886859909390
7.153577892807835
7.188880084574489
7.354068266985230
7.458921695287673
7.509860948746890
7.516975388030369
7.830318219322033
7.865307101240410
8.103306988355948
8.129555174080835
8.217852639474993
8.225209785144344
8.486032902143039
8.558323207970453
8.564898804099776
8.624529484017582
8.731676211839488
8.867360226451964
9.033364813872780
9.043444036524507
9.106864197341141
9.254260797270884
9.492101472183558
9.524794863775428
9.621447865589646
9.634306688837697
9.719388085205818
