0.051568873937935
0.068059013756108
0.092444606718472
0.098057241657362
0.152008682225114
0.323774568717422
0.331603025562446
0.357186809093320
0.424492276508478
0.440440008351107
0.536400021471864
0.545397042576744
0.562183137537098
0.567528687434928
0.609374741431742
0.648862217763300
0.685310275560253
0.691818014816147
0.853013960434168
0.864303067878784
0.911099381291869
1.053479525762376
1.078020803380291
1.379196558958026
1.448695220076311
1.478491694764627
1.488559075205720
1.623498060902398
1.643006601497919
1.679348187923072
1.690350505944560
1.699038928899391
1.725918519057385
1.778538635055210
1.976150208274671
2.590877802550056
2.611141073561196
2.654835451371074
2.737287968022846
2.747755362248690
2.813295774421225
2.990908954898035
3.030129912268201
3.077046459579218
3.110378826308546
3.432322148075236
3.461316495248008
3.574396217793947
3.612387662059177
4.299276365637487
4.461026472824925
4.506045920715544
4.577038712350014
4.654204887977528
4.754529011214945
4.850463079501192
4.855766623877437
4.905332122502188
5.137570219042132
5.170076822306465
5.341288874834853
5.354913588383945
5.525836461083471
5.534045621306669
5.629924367617829
5.690373691127187
5.886607740928284
5.977780870620938
6.048048412301053
6.223375716955283
6.594565476308623
6.631668041219278
6.652061697528009
6.936668671428627
6.959011706598975
7.039223793448995
7.076652204676050
7.612472981194719
7.649774420240712
7.670631292277127
7.764068535634354
7.935370798591211
7.940741596083832
7.949125216846737
8.043585713144061
8.064434529673242
8.113188535414556
8.180430782840290
8.842068355491916
8.880304034363490
8.893332893217924
9.155508769615940
9.169374877450595
9.352704259844542
9.457113182481974
9.548514462511458
9.636297213142376
9.780502571459147
9.788680072372275
9.994417850038973
