0.013800000000000
0.032892795409957
0.079019874783408
0.087619111333659
0.092906244475619
0.148189088730231
0.188024469758726
0.500533322395287
1.494412277304935
1.640977057601345
1.686677416354635
1.718782371418391
1.867590786187913
2.012112183622365
2.506865174129336
2.522253449515821
2.631033691831027
2.737838821775352
2.871335594662030
2.921898925866827
3.020322561709162
3.043167981761810
3.066828311282357
3.139807500974883
3.412421581952518
3.420155050918908
3.425248535989009
3.439305335180861
3.527236570202180
3.620841351392198
3.907270331393264
3.936352710307347
4.139119664227671
4.180447206835680
4.229709246511914
4.234852352517982
4.246124388321213
4.265006277716768
4.298458383725039
4.375072938072210
4.416892324588814
4.429662326596758
4.543888868724658
4.553940680985552
4.838502074514519
5.119431005511049
5.169841254801882
5.282160600313326
5.289797679835923
5.299106558057673
5.319451859126158
5.325615491973037
5.432360476378710
5.491224780525547
5.777695753131555
5.819650477577044
5.825556963714656
6.042192499352512
6.244312201383631
6.272915251471471
6.279642055872788
6.284984203823298
6.393340138519020
6.415908570325697
6.433071462980148
6.522519545696195
6.528400711079249
6.737196494922079
7.039585953903484
7.066406891157500
7.117410898627691
7.155951619041222
7.257665746936532
7.346890371007096
7.459568716038888
7.495120100562776
8.102385426495278
8.255362273045460
8.280283220594598
8.313048765717435
8.380313065871295
8.496059309473127
8.501316240603391
8.506863692297925
8.516519121137501
8.588271546774804
8.818309761412152
8.874697438199540
8.884694060129686
8.889903896749709
8.895182861760066
8.946587512784218
9.140149814445126
9.239917993577558
9.387818854858237
9.393024770861231
9.632368317693572
9.690072989533542
9.794065247931433
9.974225453697196
