0.013800000000000
0.089044135939406
0.192408068297210
0.215945624697784
0.259851345188134
0.329380276249773
0.344093579012244
0.392649448437144
0.415935634324514
0.480524819370142
0.525006450308453
0.611045296543407
0.619425247858767
0.671668380488585
0.878843163193243
0.943750337425241
1.012856354555307
1.053634416996482
1.108374985533834
1.221229532800843
1.366483279718099
1.374599553958360
1.446326324950961
1.460058758652439
1.537031465879434
1.542355838710283
1.620832572657263
1.625893855282946
1.650634167760588
1.719550911340864
1.727085096172351
1.745894489884534
1.792356468446024
1.840625250938182
1.870321789216564
1.886651171323203
1.899593679948865
1.907270454983584
1.935343328889292
1.976405102104978
1.981817783348600
2.056269264344763
2.097698494598644
2.112902778824906
2.191554954975213
2.283828871241233
2.302419356546649
2.352318035214374
2.411610835288788
2.435090761603345
2.440977979992466
2.452124255990170
2.470653125511548
2.526601782682146
2.536605415650188
2.571246257210092
2.585099825648211
2.646205286044450
2.715049870695675
2.733899903248857
2.761127504194482
2.852636620969639
2.933918731090239
3.015373235257374
3.054291417938348
3.137475140110295
3.317534424918786
3.461259957446941
3.562019392045509
3.698038584267815
3.707659212219637
3.784883129390078
3.841112438734260
3.979554386320468
3.985836022572988
4.053041239383583
4.146792408067806
4.156507549207145
4.250376728433659
4.261886886870270
4.302000893450250
4.409922137622996
4.432368187120883
4.467149465433121
4.545736118486736
4.612329031928568
4.672861937279026
4.681032969860679
4.687206372911936
4.751055695283477
4.847239741181146
4.887631246531817
4.910865627737588
5.039686698500573
5.095402143702975
5.136867987262680
5.191962804552292
5.247118424656276
5.260856028410613
5.294978922991329
5.366865483689373
5.449512020099875
5.461320663836916
5.528310082031054
5.535870653695019
5.554592291569279
5.629585191286309
5.639172128891913
5.725676777956719
5.812764251915178
5.838073847664426
5.878686827031464
5.885774210673635
5.937768631014793
6.017926130549932
6.055635846337928
6.102287580195214
6.229907171485848
6.237510859170292
6.273473670569557
6.331106915952196
6.412312637820773
6.508141984888580
6.637237998559228
6.719334947120223
6.759541564419608
6.773902862258575
6.784500255852779
6.810828991270292
6.924726009336214
6.958251916661985
7.015697563925526
7.096945619762734
7.154981237681086
7.170905427797256
7.181263367119817
7.295208900661915
7.304923815219577
7.311307853393965
7.438037897313409
7.489391978069001
7.548071838100896
7.573725063541016
7.630185712571099
7.721817195197568
7.728826143536099
7.762561626932006
7.813375305434278
7.890080610072991
7.982185415254802
8.015703149751596
8.036307293790701
8.066515364405495
8.112137538130339
8.121424703843577
8.141792151566163
8.159490862044752
8.191459514866704
8.299406978420423
8.433855689039758
8.454599461514102
8.569243665568200
8.611240569392242
8.617953736939008
8.644644573109584
8.653117368075428
8.668466397466872
8.744441577093149
8.762886584430536
8.815854576932805
8.842048790944693
8.851978764137955
8.978399372469161
8.990114685156032
9.017918142317241
9.046306207506863
9.128426734666411
9.135293561273787
9.173831189403314
9.248394481153364
9.288513401067318
9.305907586587612
9.328398230602202
9.358238225240900
9.393992270391273
9.420935399603811
9.478980147398438
9.523970122424020
9.545546909272007
9.553287718028187
9.611689901796407
9.673439258248074
9.735932019999842
9.746549093799567
9.764638889133950
9.848607272628950
9.889089603200217
9.968733432096204
9.985263209692045
9.992453174251860
