0.015022314159347
0.020142109285774
0.033591799774584
0.040011778943520
0.047316255892863
0.052366252892824
0.057459364440601
0.062509361440563
0.069258119205164
0.075612595969408
0.081677245815342
0.086727242815303
0.092027510670847
0.226241604931475
0.235105524500901
0.307009720278979
0.341898742100619
0.794660756380706
0.816134763146766
0.824777283384125
0.829961456261956
0.836443679074906
0.843266439566931
0.848471940927775
0.854020317589028
0.859214509539765
0.865143564329240
0.870977783690334
0.877734152978992
0.882784149978954
0.888279779136728
6.097229136811822
6.119628619574486
6.125204553744522
6.130254550744484
6.138605528035394
6.144261308783689
6.149311305783650
6.154681344838485
6.161022670045170
6.166072667045132
6.172589690627300
6.178246174165649
6.188040199383551
6.193431545683024
6.213743682834213
6.220033123443304
6.225083120443266
6.230436867684786
6.252963137575763
6.258013134575725
6.266498241214138
6.275219034475633
6.281831287990649
6.287687374639588
6.292737371639548
6.297792107470397
6.302979759190997
6.308029756190957
6.314689246306081
6.320791774704892
6.332005944952497
6.337116014627768
6.342615189338304
6.347682379164102
6.352744266334001
6.357794263333963
6.363013162969251
6.368088025276618
6.374266585233331
6.410331449331054
6.415381446331016
6.420614642953839
6.429441561467314
6.438268479980789
6.443347664197225
6.449062414826248
6.454242846646861
6.534996206256621
6.578554233609149
6.583619709700558
6.590944925749525
6.632235179514318
6.637888588159164
6.643602220224350
9.621555260705057
9.630653977344700
9.639480895858174
9.648307814371648
9.655008159550743
9.663835078064217
9.672661996577691
9.683887759085188
9.700140835536942
9.708967754050416
9.717794672563890
9.729980033580336
9.748856648528957
9.757683567042431
9.766232852767970
