0.099096611564789
0.172765273454859
0.178668776250458
0.184399832336791
0.263507853538967
0.393933587574514
0.423715101455546
0.430756694238682
0.490362260009263
0.700669112174594
0.891517657210632
0.896756011027746
1.062194306076946
1.067839417554564
1.248064542282050
1.308933175210320
1.314543260061283
1.326929065586328
1.420137479246159
1.783356851662689
1.791568264272650
1.875632007675575
1.880851457514004
1.990204781637326
2.218293312835982
2.296926889662169
2.441775757955958
2.468035849597729
2.473705513332392
2.585323756392480
2.624954589779818
2.714565866743397
2.765889265282304
2.923806732702101
3.499814055302624
3.508381945816167
3.521915391812309
3.676864519589066
3.682705753064698
3.907764470748605
3.916326412842810
4.031130242906768
4.040086759198152
4.261943504797967
4.415057996764992
4.574980823611044
4.588236237838500
4.725154236089772
4.811872892604503
4.818304577315024
4.961810976405913
4.988705467649487
5.170558945534355
5.253589231187153
5.262257761400670
5.352610988060901
5.358940621921580
5.488846993890665
5.921798148510129
5.960592493345335
6.214661403067962
6.225135543078796
6.415175619595040
6.534403559695298
6.564558130998589
6.839181017704178
6.863095877872268
7.012623755018834
7.046456336062543
7.318075306504638
7.323505430157645
7.473260243465469
7.487830582879043
7.700081063028636
7.716471589927273
7.736037079880629
7.899841759869207
7.919569277835050
8.055066887120907
8.061970213992089
8.224000136941743
8.243956592548864
8.312897689914342
8.374260397956876
8.388664027048142
8.446329679320648
8.609627203124854
8.984297396919713
9.019554188088614
9.043775558559549
9.290784499373840
9.362529461099847
9.377010231003124
9.382601615686665
9.491601751822849
9.589169550428799
9.779119545664402
9.787626816517857
9.793254630563018
9.985755439928010
