0.067763742647115
0.103294351873041
0.267874742566064
0.363094210657905
0.471707238683334
0.536921522730546
0.672451820074032
0.779521720500767
0.850782562194570
0.878706224798107
0.989231391939808
1.095243356448196
1.156571562858140
1.238648313097655
1.423856732318781
1.480758427057861
1.566741244641648
1.629281397446774
1.719284028871380
1.781890052405301
1.817641685236198
1.895205767922245
2.065816765088896
2.250854857291954
2.314903023138269
2.368236300924481
2.483294840031022
2.526248354054252
2.669484975940726
2.778081703822523
2.857915435868997
2.920450288856972
2.946955326145486
3.064380498343373
3.274004153178507
3.345501484078809
3.389462427288806
3.694375708594216
3.835373366220723
3.873113982675197
3.913266383128024
3.966528784172425
4.021547223681223
4.132847280842115
4.181802243751550
4.337060774733648
4.511047044565490
4.549979291742051
4.712187841885739
4.793465475370627
4.894054009846592
4.916405876038735
5.030603408100207
5.260564506956307
5.324362159543137
5.392415117507547
5.477116603086535
5.581769347799467
5.671982301111863
5.774681372181564
5.866578052544180
5.972814627067244
6.169732413798585
6.255702343089792
6.296185372832900
6.331255237663931
6.416760482671940
6.442211861637686
6.636965739161912
6.737591814747436
6.862449245843828
7.021602911884363
7.165073164599836
7.266956080212616
7.338488623396672
7.481011184345014
7.612250525439553
7.704803206785298
7.834237312099183
8.062501871549589
8.076915553063461
8.122961686912271
8.222466885542051
8.300243453756583
8.390068660362118
8.512341149444337
8.614278490176400
8.721692101495108
8.822189463168007
8.940843530974480
9.023192236791465
9.096555648157674
9.226040805942425
9.393531938409456
9.477372107373961
9.559263344283567
9.642811553931724
9.650289649603442
9.747163776487792
9.855765578927345
