0.013800000000000
0.079666223157168
0.436512699645908
0.489011613857388
0.495378852642698
0.555875885717528
0.562486636254593
0.692502938841315
0.701129769587075
0.752076830355005
0.858012755599228
0.873473270068718
0.962638012577660
1.059943563683863
1.065796690650805
1.148785770181017
1.157845554854015
1.247100322858293
1.255494631361624
1.327606528201431
1.341864252304847
1.539307341043823
1.584320316871221
1.594003247213837
1.613193679822743
1.663471739736478
1.670687627507482
1.689292568105581
1.784353853445274
1.792448997840400
1.911556976917685
1.917250869327518
1.925373494083374
1.965908800389949
1.993123067973220
2.091516318438265
2.099830650642714
2.183281032346783
2.190309154699339
2.213636697518168
2.288605433225063
2.342252537995037
2.484980170641625
2.514210127145909
2.521816368165415
2.621487661640641
2.630511441772949
2.636857853024165
2.642239133259776
2.656387213518167
2.695448893446920
2.911223557423135
2.916814303823690
2.984435505015931
2.993036603197480
3.077825725799075
3.101685321636138
3.164630891864996
3.186349337947572
3.243631376257972
3.274448157996377
3.282002339583725
3.328100880970028
3.435317972642923
3.441714241869319
3.513674253154639
3.581968652090169
3.588479866273417
3.682450019785702
3.689255731783206
3.779379401727862
3.790372424578277
3.880757177199911
3.886801147973369
3.969791978573776
3.986180470904014
4.017587714391420
4.025056935505402
4.048316511431978
4.102476149002089
4.107687491299728
4.229506494658865
4.308516550801905
4.319720461059079
4.358113445921351
4.367744325721493
4.439074338463717
4.491608383627557
4.498688783513455
4.530446509156242
4.748228907995565
4.754846442815775
4.765661901606507
4.834925038143282
4.867106704522396
4.878942447809758
5.022620418130058
5.055419103770507
5.062907327191506
5.075041694327220
5.082209669711839
5.105703754238407
5.178561732412419
5.190491671328736
5.300498123030450
5.307155864424351
5.417994872012065
5.488124071290971
5.493471453059240
5.530895312616190
5.538291308978535
5.546094274596414
5.645941639633977
5.663989479779699
5.670438547463792
5.684419742304606
5.742930829392347
5.985838338830610
6.024552216356360
6.220944339336397
6.229811952322017
6.297224012117299
6.427978641814630
6.436026385834547
6.460430014922173
6.554760815701637
6.563413382837673
6.573971885138473
6.700251286173690
6.793006604605015
6.824214534868901
6.858791121512455
6.890573405327508
6.903885730194309
6.909815853962164
6.920866448414396
7.034626539019663
7.040635508102987
7.115419808955656
7.149188092020162
7.155694349024847
7.223547239988674
7.295755639079435
7.362875358466564
7.371001055030147
7.380916689767878
7.575097062626664
7.635134966540568
7.640564166710910
7.676286753727427
7.722991621456869
7.766391874041727
7.913148496553875
7.957204253021829
7.984967258535289
8.020875003092890
8.028675448021401
8.095459186974212
8.157962354417053
8.270080197887474
8.275400901569869
8.281882594815174
8.304959369272362
8.310267786174997
8.323721697025373
8.392350594355452
8.485837270987421
8.495778155521020
8.583865483083336
8.638524308314356
8.829663557822627
8.835484567968798
8.841147244642951
8.858935771947166
8.865685142329333
8.896219164187155
8.917453855410653
8.923753206645081
8.929539264586337
8.938030252481118
9.025494721155329
9.033087110520231
9.128417437273635
9.137641683427827
9.217759936778467
9.282490110284385
9.314269740682946
9.425319388396749
9.433444501263189
9.475461560039252
9.511766573087410
9.527212980551967
9.544724244709574
9.558290507023884
9.674690746619175
9.682926536971500
9.728758030588081
9.921407974632761
9.928702350561453
10.000000000000000
