0.028853516165380
0.071507032330759
0.076519531845449
0.081555923496680
0.087280955743914
0.092293455258605
0.296608072677787
0.301762029626926
0.325821929917411
0.356434817979128
0.361554949999412
0.366747580821133
0.725039893406590
0.752100619169200
0.757130023956125
0.765918592261671
0.772740033483461
0.839577937025818
0.904238641454281
0.909606813775061
0.914619313289751
0.992602847560354
1.069807903648414
1.100266865134264
1.105279364648954
1.133192144906036
1.141190996629706
1.146203496144396
1.170764228339091
1.386049660457698
1.391142738358552
1.412035869001472
1.425089374051963
1.430691233401980
1.701581781863217
1.716798181209605
1.722749766268159
1.727762265782850
1.733339710664131
1.862168290867004
1.869631923033672
1.874719639358045
1.883949225781831
2.053448740990966
2.067117059894836
2.074650646354578
2.087169744542881
2.280548356757521
2.285560856272211
2.291603707961726
2.296616207476417
2.414312167276981
2.419324666791672
2.428920026350787
2.438515385909902
2.443784537955738
2.453379897514853
2.458503292103563
2.555087557508794
2.560297345035837
2.575945362178874
2.582260722419620
2.587428175169681
2.650170845835274
2.655497149621070
2.660509649135760
2.716614828267212
2.722738253800412
2.752081259230726
2.757197826711242
2.762210326225932
2.767365095833108
2.772377595347797
3.413534571714619
3.435481106444192
3.445076466003307
3.454671825562422
3.469996108211856
3.489630410856519
3.498137951802350
3.509309497876139
3.531264717364444
3.536456630012936
3.624638993353911
3.634234352913026
3.652370059601676
3.660963673561660
3.667456388363486
3.696535068108033
3.702493731479307
3.726826445100132
3.735613945585442
3.788203386930576
3.871363869368888
3.877583026311026
3.882630239741130
3.891933090349781
3.896945589864471
3.906772073937781
3.911870228550832
4.058309213726828
4.094685461375765
4.099906589814083
4.104919089328773
4.109937393292894
4.115031297617548
4.120043797132237
4.125056296646927
4.317294421471364
4.322343296649556
4.327355796164245
4.811013409365722
4.862429922193090
4.885236792376138
4.890765286206644
5.070072939268239
5.076125595138534
5.293841079935730
5.937312855673287
6.103969799206451
6.108982298721141
6.152020503893472
6.157033003408163
6.176400626470632
6.330420198066760
6.412869452964207
6.421825599739103
6.426838099253793
6.431850598768484
6.546965145742469
6.615976247446154
6.625571607005269
6.630698036425521
6.637003820980101
6.670914533612806
6.680509893171921
6.690105252731036
6.769815787749471
6.812386784127979
6.826394375012491
6.832778040172864
6.837813984345474
6.959705479294236
7.212275474775629
7.231536879475075
7.276109220319512
7.281327287331965
7.331882607112780
7.336895106627471
7.342460795307662
7.410838395464232
7.653839013049653
7.675615385746110
7.680627885260800
7.685772512132337
7.725488132417986
7.735083491977101
7.744678851536216
7.749691351050907
7.756838209822527
7.761850709337217
7.766863208851909
7.968092566534674
8.047084977554142
8.052255225230954
8.063088657188235
8.088587087334865
8.098182446893979
8.142337366229324
8.147349865744014
8.152567137096812
8.186334956969613
8.192378328227104
8.211388611434174
8.274117841500182
8.295932058568361
8.305527418127475
8.312263347264581
8.317285674740624
8.326881034299738
8.336476393858852
8.341676579610761
8.495194459485514
8.612715720640400
8.633677693552492
8.696622429711242
8.716555956619302
9.719976558393514
9.729571917952628
9.739787699659759
9.749163816455779
9.758759176014893
9.767034407773407
9.777412005959576
9.794573047944604
9.809473611399335
9.819068970958449
9.833854884241603
9.843450243800717
9.987233705745366
