0.013800000000000
0.022281514679601
0.045364480026837
0.053869228251245
0.137240306488625
0.169569714577339
0.249469858057875
0.275122877908351
0.280410268017277
0.288116063212004
0.372471621801620
0.387133678600224
0.493330234310920
0.665093636092750
0.670489470776352
0.711402019113551
0.717644699189453
0.825371647650168
0.897657420645968
0.903788678734311
0.956281139300340
1.043481164450847
1.051306126473977
1.070843232369084
1.222757336543667
1.229158900195855
1.298257884516190
1.309344368825248
1.338861287609951
1.455624883806825
1.461977388796026
1.571254795462969
1.591212458128846
1.618063414637056
1.665446598180356
1.672787291463486
1.678076162000149
1.730468343647021
1.740289335790822
1.818745561564725
1.824909242707988
1.898600796872610
1.978902204870675
1.991094541965589
2.021690210519488
2.027413155549995
2.103733681605319
2.135926967294728
2.145587838891499
2.217691137008933
2.225776166181815
2.294517989670134
2.359857287175275
2.379912413710208
2.393770227878977
2.422406526587272
2.433124034597515
2.462506976547105
2.484851430988314
2.490795375462328
2.553012783229355
2.649158152446873
2.695511497132897
2.701498688565934
2.763040411979590
2.770297143178140
2.787893725402249
2.823829390930697
2.870251428606289
2.970184608525516
2.977648819465150
2.984170832483752
3.028647382784090
3.099678081556616
3.147279331602953
3.166613208808841
3.273424506018962
3.304068734928926
3.312274077730240
3.333919969018608
3.381068192240271
3.394200374407108
3.496872218787487
3.583110385181961
3.938054079697173
3.943435580947634
4.126770292548760
4.133475381873833
4.230547659269111
4.239316689489730
4.253564452811003
4.375476249450005
4.454811078481970
4.620534169207628
4.641705027104229
4.777689845449451
4.784065005546904
4.876791846725083
4.882528253784429
5.028361660591809
5.035135409907770
5.098754149615435
5.155208274113124
5.163292906512686
5.215731133215836
5.268084644404954
5.303605737275864
5.309937427177136
5.326857632595387
5.584693729525176
5.615057150329899
5.620692937065868
5.649595563566724
5.655260304080857
5.820484491994103
5.828243415447872
5.911306104881621
5.916654520895142
5.971485610066838
5.994385310830964
6.074151130213629
6.126260470031505
6.135985336041732
6.172979943916617
6.214306256866060
6.222770313684035
6.228399579931527
6.366147377146117
6.385302499808076
6.393187442114492
6.458681133989105
6.469188873669507
6.557669603693591
6.612184664427333
6.621969892853124
6.630727837181302
6.677877472323923
6.784000563995876
6.794134941099415
6.816954045855235
6.832339833702584
6.837944147242627
6.870943577231667
7.032855208800583
7.055317854555864
7.061003999731230
7.112282994863710
7.247503247545914
7.253331512107471
7.287513010600914
7.295050255624892
7.378893688871323
7.420753817482963
7.430656992701265
7.479280118361155
7.571075504869566
7.621675084211781
7.879400213845534
7.913524185395262
7.919077482807095
7.963519126980571
8.020546521733023
8.044020177611401
8.057019032290212
8.232516376138511
8.338843210029246
8.347239726323647
8.435266668992535
8.475420122265522
8.540065308590551
8.842402061730350
8.869258498881758
9.022628728745017
9.030530250200885
9.062176305673395
9.100173102611707
9.121448948361667
9.173082736194841
9.179444892308359
9.185214653574286
9.261441481075398
9.277821538376983
9.361430032794525
9.368969241453900
9.389621728573230
9.449368226247570
9.456261056552721
9.573169774036920
9.582031184785915
9.614353406323437
9.654973371049277
9.660012429738849
9.668943980439792
9.786186862887854
9.868128192660068
9.875895788494168
9.890463599594176
9.901993688249835
9.938394007581193
9.994187784591517
