0.013800000000000
0.034508509496499
0.154978589003698
0.166086980505897
0.321163361624596
0.384490643148281
0.651270049616238
0.811962606567679
0.867286564067115
1.110947211142750
1.116774900745959
1.142076564055536
1.158844042488630
1.168085557621720
1.220542881253587
1.238176522978602
1.317377116928540
1.347343076770807
1.448533285542859
1.613139778511521
1.734294255839599
1.766532336003771
1.960935745854279
1.983340540346503
1.994873610402949
2.085176497111230
2.234377358234779
2.477321467608586
2.509804175737476
2.522183945336761
2.542907605193688
2.649787196177669
2.903370689276842
2.927493325831529
2.960630510084012
3.191631365038072
3.295198521030548
3.413387892549861
3.437346334345439
3.661022467592948
4.177911195820551
4.219527583299905
4.258625055254608
4.325743557854474
4.545708300579130
4.879843368973132
4.887365165465947
5.011279836985270
5.041298837533557
5.062653172276440
5.132037325249717
5.285076853765705
5.295400139203946
5.391930211290690
5.580703907948365
5.815132260733092
5.993340434452080
6.066818919635237
6.219965211034227
6.264102515697189
6.324056068037663
6.472020708471970
6.497416838888658
6.647821651277710
6.872038333913156
7.026396092527602
7.058473185010913
7.065584912710612
7.183896070858897
7.220097079005349
7.265141824379656
7.296030501258664
7.361422484802399
7.368174464939417
7.420943852423350
7.627945136088070
7.937881070053145
7.952149630630784
7.981221713251903
8.035943544156115
8.130925492378186
8.177682185175444
8.183084517061289
8.235995956690186
8.415171310744995
8.430034383057150
8.482233711432869
8.990885627714812
9.181267129701263
9.217444341143464
9.242112726017027
9.389629837942328
9.508598972506110
9.527076365919992
9.582162674038074
9.609006321062131
9.658411345377779
9.676948125036063
9.745219409286465
9.955921813434909
