0.023836691707167
0.480555987431789
0.551200528868707
0.940569649133691
1.856709538463001
1.865980161157923
2.088265423469543
2.495592782967482
2.506834126985518
2.543334061931558
2.549012102524417
2.565309890136400
2.714074977238362
2.757940845031361
2.817567305324380
2.854385572796888
2.929081547733740
2.992168710112947
3.014930380990460
3.055919625453016
3.064546434206507
3.214868014502455
3.251392057368915
3.257979869563804
3.267364447041840
3.274396881635729
3.394251981895787
3.629618614969876
3.651523386616633
3.662787698992601
3.723019541443431
3.753749931339351
4.221143578572164
4.655827477732831
4.768917790757473
4.787015165591854
4.816703527635084
4.829522350765580
4.890784493886020
4.947775069374284
5.488339460374089
5.493654680460224
5.624276682430189
5.632820564486345
5.694445771253585
5.709048682270277
5.717031484478601
5.769904603707353
5.811091415747129
5.825717705339610
5.830718470662140
5.899958300476274
6.026811797720260
6.034102649529594
6.069431485876873
6.075792744393560
6.823139928819376
6.919553806754698
6.959347487986230
7.030986822652809
7.157650612704592
7.172522428301542
7.345897802277956
7.351650609144211
7.377990905284541
7.383123720548633
7.426463819391564
7.531462512568160
7.580186495313414
7.662932780037474
7.986167381884704
8.080180202701609
8.090970632096226
8.161974871336268
8.232032443706663
8.267266917907051
8.564347218433863
8.612889580180921
8.897205682854437
8.904674721420566
8.968054767366120
9.227393102857079
9.361685041648741
9.487488213659582
9.502684884232375
9.513106873946967
9.535196504968987
9.582934340870999
9.609875517104980
9.643188406407077
9.711131369213190
9.765858153557572
9.771924650566223
9.812552566991148
9.898191769268729
9.904859189740362
9.940413041204327
9.968615213843799
9.985503185131410
9.993225949306471
