0.013800000000000
0.021422432390949
0.026434932346392
0.070926038832638
0.081258104581514
0.194858656399134
0.527601952860763
0.555970780469078
0.562963799887189
0.577215524483649
0.647908808534294
0.694113166141967
0.739694096792464
0.783791314433194
0.847222822904958
1.029887948478337
1.036825612298657
1.042030140334355
1.048647131634726
1.066462569124140
1.094129680779129
1.105578631640791
1.319450804214082
1.341588079639348
1.393019722788799
1.521043381374636
1.526360294387170
1.564228587449788
1.616262865877957
1.680861469985869
1.719551204272960
1.725150076631668
1.740002388181916
1.755228207648070
1.853706696333106
1.873576073673086
1.878719494183244
1.886151899833640
1.938071291797894
1.966812529252359
1.992176843054158
2.014228329660012
2.033622414866112
2.104155424625383
2.493430168429498
2.501723482735125
2.572568934462839
2.659254998162589
2.696532212706817
2.790221039390097
2.809990596147740
2.822674555010477
2.915639709804365
2.930371842352454
2.948602531622155
2.958079898935172
3.170973027053255
3.367982206397563
3.376892103173201
3.515990578778347
3.521471763816427
3.546947181678646
3.554693588311523
3.590816310592527
3.611530813479699
3.712484290714445
3.718189937340710
3.738884571953886
3.904337436078678
3.925353120525113
4.065548076233132
4.088127031825277
4.129575702822990
4.358939310505637
4.377479850215918
4.669419054632233
4.712338867850846
4.767125557132538
4.774058883572565
4.905400763938069
4.991800605787880
5.063673294337802
5.141044881637113
5.168655965132687
5.174346471114548
5.181289653948180
5.286212677334110
5.300596897606023
5.477771665822615
5.494732223127889
5.499757093753392
5.515908405311065
5.543624389319997
5.550381338859962
5.574829455606432
5.654337396331182
5.660022969067349
5.665619840742745
5.689518668094864
5.696339992806112
5.709915202486735
5.715403518274181
5.730010777497717
5.790305160248773
5.839842611819178
5.900239155052160
5.921302725847587
5.926883998464067
6.039993745599751
6.056332757707849
6.061475863245696
6.067728200627095
6.072740700582537
6.082476332790613
6.141621909146601
6.169810385266926
6.185828002011287
6.213566810434271
6.411046320153638
6.417107862735631
6.425757020451051
6.577353771608294
6.679477696452300
6.689479166161436
6.737491844065417
6.745018312313603
6.750660388409340
6.756896529738644
6.765377261928839
6.809097979765884
6.816123288044386
6.821471347876654
6.839328885218813
6.894696743170283
6.899797811207652
6.909942988367549
6.917745829353250
6.925045969573734
6.947613517000303
6.973790443960143
7.193604193394134
7.385991002304892
7.391016921390241
7.413403897653710
7.480934292135260
7.495475361220108
7.523326165188095
7.592210573872181
7.611254828937928
7.618762892595090
7.630870831534055
7.641717547654739
7.707879139409828
7.727563781958413
7.766492503406067
7.787207653488080
7.879376647153953
7.927150151649163
7.986481275293496
8.014100739907605
8.019381217695292
8.024700401853885
8.031791688187033
8.083393771389860
8.136259162353308
8.145347143979530
8.173237320017845
8.349998882990260
8.355011382945705
8.428458379024573
8.435252772483071
8.562980959685518
8.571161631761157
8.693638801120461
8.929305325174397
8.993542033076599
9.012394349611984
9.017417217112786
9.138075626773519
9.218160133301623
9.336220705666509
9.344720639084594
9.520949549315397
9.528096859865476
9.632100285809607
9.697027955854328
9.704473625111342
9.727213242554102
9.735789051391915
9.746291902837626
9.758686135157330
9.764638182579985
9.782120138393541
9.873310389981553
9.879322392259763
9.937780737489149
9.951349764928306
9.979319028463332
9.986409580128260
9.994480468875080
