0.020752884151726
0.082380680756672
0.146648020723142
0.433384488595151
0.449781255308129
0.543253810706701
0.617457621367003
0.624039201345855
0.896038199505946
0.980986460637296
1.130405504207163
1.183600500556345
1.361458646787170
1.992354607622527
2.013685781274654
2.045048564613112
2.062973487961770
2.112051335734422
2.350486222470798
2.650219424151476
2.696084030593222
3.523137804308421
3.650318324879312
3.729852033884177
3.739243210911281
3.917332273592681
3.925779998018934
3.931102451900679
4.041407234021746
4.059139785429889
4.073930680450542
4.114209226590669
4.302757978047990
4.364956388208580
4.388930995226962
4.393980995011539
4.460257350098099
4.471571911920301
4.532606218810027
4.537660452626468
4.675437762978366
4.824738795024331
5.090082876353502
5.099490062767463
5.279721711625717
5.286824259569843
5.616612722382908
5.742574412847567
5.880632019387753
5.890645041353350
5.938642257643777
6.129282879372182
6.236123405086620
6.322684111704345
6.411500319082449
6.584785750978652
6.594177855203702
6.612392628723730
6.842649894358861
6.852024725698193
7.298508084547414
7.333742386428206
7.343153353949994
7.381471775596483
7.418451871247642
7.555996116481204
7.691448975178521
7.709398002927761
7.717993494638304
7.890573985578065
8.025576930722512
8.032019827917923
8.052378385339194
8.101025584420761
8.124884657147668
8.133789144632727
8.154890664659707
8.223173250873003
8.350267289421700
8.359464319041475
8.741365103142364
8.782426290345132
8.793888986997208
8.912354348681230
8.970578732381869
8.977257211059976
9.111772484493876
9.119925832312509
9.158022381720743
9.163298253834695
9.278392655045787
9.299234577596774
9.306715471499530
9.577223845519175
9.618954135240601
9.667016085052408
9.701893412649222
9.725956158250323
9.731038273529727
9.832337667776002
