0.0154013108863612
0.6749807285231648
0.6939065681328896
1.1966035905139807
1.2161214352062422
1.6583354058146347
1.6790610540733373
2.1163146371064516
2.1416113553185565
2.5709702056000325
2.6020760625260886
2.9931446248306410
3.0327875820927499
3.3917791554156564
3.4357523248031607
3.7616462683357752
3.8079660523171452
4.1293516611713859
4.1846174218127574
4.5003241461608186
4.5591038065086575
4.8732373227903807
4.9320968726492165
5.2344073098649160
5.2949149327295570
5.5894983714212634
5.6552848979401658
5.9496324844955000
6.0205390448812803
6.3132516598382526
6.3873736334338602
6.6754594826058877
6.7518969764172958
7.0374340423397461
7.1149263647127121
7.3900261483609420
7.4749623168725803
7.7495625826363703
7.8347389132468876
8.0999087893063368
8.1862895352995118
8.4374800587981937
8.5284811827659475
8.7788125280749991
8.8781778616205091
9.1236132197591644
9.2231116724182076
9.4680671639023188
9.5699703004578893
9.8096830760670599
9.9144717558374680
10.1428907575346958
