0.0029546583040277
0.6065206717197307
0.6307521299222365
1.2314866593254883
1.2611049570451041
1.8422501804089393
1.8725953890714946
2.4514763959069188
2.4891769346090333
3.0458320742772935
3.0842849981686165
3.5583615409541940
3.5975113657635820
4.0664303285671934
4.1068833313358395
4.5329118569693438
4.5845437988560827
5.0068183931000156
5.0606548669632323
5.4827835885684406
5.5400999369109831
5.9409093413252814
5.9989927748649290
6.3855180869782746
6.4457129204701369
6.8146953877930816
6.8752665318568198
7.2350988861937360
7.2982386864975055
7.6384905974215469
7.7018419696835760
8.0407586069378887
8.1122571824682765
8.4406366626026177
8.5173661735008359
8.8359705884578652
8.9143368224084139
9.2324503849820019
9.3162329927322602
9.6273419467542567
9.7151489153923585
10.0229940264113662
